0 4X4 bus crossing problem with 1m wires (n=1 e=1)
* origin = (0 0 0)
*
* Bar corners: (1 0 1) (1 9 1) (2 0 1) (1 0 0)
* Reference side 0
Q 1 1.00000e+000 0.00000e+000 1.00000e+000 2.00000e+000 0.00000e+000 1.00000e+000 2.00000e+000 1.00000e+000 1.00000e+000 1.00000e+000 1.00000e+000 1.00000e+000
*
* Opposite reference side 0
Q 1 1.00000e+000 0.00000e+000 0.00000e+000 2.00000e+000 0.00000e+000 0.00000e+000 2.00000e+000 1.00000e+000 0.00000e+000 1.00000e+000 1.00000e+000 0.00000e+000
*
* Reference side 0
Q 1 1.00000e+000 1.00000e+000 1.00000e+000 2.00000e+000 1.00000e+000 1.00000e+000 2.00000e+000 2.00000e+000 1.00000e+000 1.00000e+000 2.00000e+000 1.00000e+000
*
* Opposite reference side 0
Q 1 1.00000e+000 1.00000e+000 0.00000e+000 2.00000e+000 1.00000e+000 0.00000e+000 2.00000e+000 2.00000e+000 0.00000e+000 1.00000e+000 2.00000e+000 0.00000e+000
*
* Reference side 0
Q 1 1.00000e+000 2.00000e+000 1.00000e+000 2.00000e+000 2.00000e+000 1.00000e+000 2.00000e+000 3.00000e+000 1.00000e+000 1.00000e+000 3.00000e+000 1.00000e+000
*
* Opposite reference side 0
Q 1 1.00000e+000 2.00000e+000 0.00000e+000 2.00000e+000 2.00000e+000 0.00000e+000 2.00000e+000 3.00000e+000 0.00000e+000 1.00000e+000 3.00000e+000 0.00000e+000
*
* Reference side 0
Q 1 1.00000e+000 3.00000e+000 1.00000e+000 2.00000e+000 3.00000e+000 1.00000e+000 2.00000e+000 4.00000e+000 1.00000e+000 1.00000e+000 4.00000e+000 1.00000e+000
*
* Opposite reference side 0
Q 1 1.00000e+000 3.00000e+000 0.00000e+000 2.00000e+000 3.00000e+000 0.00000e+000 2.00000e+000 4.00000e+000 0.00000e+000 1.00000e+000 4.00000e+000 0.00000e+000
*
* Reference side 0
Q 1 1.00000e+000 4.00000e+000 1.00000e+000 2.00000e+000 4.00000e+000 1.00000e+000 2.00000e+000 5.00000e+000 1.00000e+000 1.00000e+000 5.00000e+000 1.00000e+000
*
* Opposite reference side 0
Q 1 1.00000e+000 4.00000e+000 0.00000e+000 2.00000e+000 4.00000e+000 0.00000e+000 2.00000e+000 5.00000e+000 0.00000e+000 1.00000e+000 5.00000e+000 0.00000e+000
*
* Reference side 0
Q 1 1.00000e+000 5.00000e+000 1.00000e+000 2.00000e+000 5.00000e+000 1.00000e+000 2.00000e+000 6.00000e+000 1.00000e+000 1.00000e+000 6.00000e+000 1.00000e+000
*
* Opposite reference side 0
Q 1 1.00000e+000 5.00000e+000 0.00000e+000 2.00000e+000 5.00000e+000 0.00000e+000 2.00000e+000 6.00000e+000 0.00000e+000 1.00000e+000 6.00000e+000 0.00000e+000
*
* Reference side 0
Q 1 1.00000e+000 6.00000e+000 1.00000e+000 2.00000e+000 6.00000e+000 1.00000e+000 2.00000e+000 7.00000e+000 1.00000e+000 1.00000e+000 7.00000e+000 1.00000e+000
*
* Opposite reference side 0
Q 1 1.00000e+000 6.00000e+000 0.00000e+000 2.00000e+000 6.00000e+000 0.00000e+000 2.00000e+000 7.00000e+000 0.00000e+000 1.00000e+000 7.00000e+000 0.00000e+000
*
* Reference side 0
Q 1 1.00000e+000 7.00000e+000 1.00000e+000 2.00000e+000 7.00000e+000 1.00000e+000 2.00000e+000 8.00000e+000 1.00000e+000 1.00000e+000 8.00000e+000 1.00000e+000
*
* Opposite reference side 0
Q 1 1.00000e+000 7.00000e+000 0.00000e+000 2.00000e+000 7.00000e+000 0.00000e+000 2.00000e+000 8.00000e+000 0.00000e+000 1.00000e+000 8.00000e+000 0.00000e+000
*
* Reference side 0
Q 1 1.00000e+000 8.00000e+000 1.00000e+000 2.00000e+000 8.00000e+000 1.00000e+000 2.00000e+000 9.00000e+000 1.00000e+000 1.00000e+000 9.00000e+000 1.00000e+000
*
* Opposite reference side 0
Q 1 1.00000e+000 8.00000e+000 0.00000e+000 2.00000e+000 8.00000e+000 0.00000e+000 2.00000e+000 9.00000e+000 0.00000e+000 1.00000e+000 9.00000e+000 0.00000e+000
*
* Reference side 1
Q 1 1.00000e+000 0.00000e+000 0.00000e+000 1.00000e+000 0.00000e+000 1.00000e+000 1.00000e+000 1.00000e+000 1.00000e+000 1.00000e+000 1.00000e+000 0.00000e+000
*
* Opposite reference side 1
Q 1 2.00000e+000 0.00000e+000 0.00000e+000 2.00000e+000 0.00000e+000 1.00000e+000 2.00000e+000 1.00000e+000 1.00000e+000 2.00000e+000 1.00000e+000 0.00000e+000
*
* Reference side 1
Q 1 1.00000e+000 1.00000e+000 0.00000e+000 1.00000e+000 1.00000e+000 1.00000e+000 1.00000e+000 2.00000e+000 1.00000e+000 1.00000e+000 2.00000e+000 0.00000e+000
*
* Opposite reference side 1
Q 1 2.00000e+000 1.00000e+000 0.00000e+000 2.00000e+000 1.00000e+000 1.00000e+000 2.00000e+000 2.00000e+000 1.00000e+000 2.00000e+000 2.00000e+000 0.00000e+000
*
* Reference side 1
Q 1 1.00000e+000 2.00000e+000 0.00000e+000 1.00000e+000 2.00000e+000 1.00000e+000 1.00000e+000 3.00000e+000 1.00000e+000 1.00000e+000 3.00000e+000 0.00000e+000
*
* Opposite reference side 1
Q 1 2.00000e+000 2.00000e+000 0.00000e+000 2.00000e+000 2.00000e+000 1.00000e+000 2.00000e+000 3.00000e+000 1.00000e+000 2.00000e+000 3.00000e+000 0.00000e+000
*
* Reference side 1
Q 1 1.00000e+000 3.00000e+000 0.00000e+000 1.00000e+000 3.00000e+000 1.00000e+000 1.00000e+000 4.00000e+000 1.00000e+000 1.00000e+000 4.00000e+000 0.00000e+000
*
* Opposite reference side 1
Q 1 2.00000e+000 3.00000e+000 0.00000e+000 2.00000e+000 3.00000e+000 1.00000e+000 2.00000e+000 4.00000e+000 1.00000e+000 2.00000e+000 4.00000e+000 0.00000e+000
*
* Reference side 1
Q 1 1.00000e+000 4.00000e+000 0.00000e+000 1.00000e+000 4.00000e+000 1.00000e+000 1.00000e+000 5.00000e+000 1.00000e+000 1.00000e+000 5.00000e+000 0.00000e+000
*
* Opposite reference side 1
Q 1 2.00000e+000 4.00000e+000 0.00000e+000 2.00000e+000 4.00000e+000 1.00000e+000 2.00000e+000 5.00000e+000 1.00000e+000 2.00000e+000 5.00000e+000 0.00000e+000
*
* Reference side 1
Q 1 1.00000e+000 5.00000e+000 0.00000e+000 1.00000e+000 5.00000e+000 1.00000e+000 1.00000e+000 6.00000e+000 1.00000e+000 1.00000e+000 6.00000e+000 0.00000e+000
*
* Opposite reference side 1
Q 1 2.00000e+000 5.00000e+000 0.00000e+000 2.00000e+000 5.00000e+000 1.00000e+000 2.00000e+000 6.00000e+000 1.00000e+000 2.00000e+000 6.00000e+000 0.00000e+000
*
* Reference side 1
Q 1 1.00000e+000 6.00000e+000 0.00000e+000 1.00000e+000 6.00000e+000 1.00000e+000 1.00000e+000 7.00000e+000 1.00000e+000 1.00000e+000 7.00000e+000 0.00000e+000
*
* Opposite reference side 1
Q 1 2.00000e+000 6.00000e+000 0.00000e+000 2.00000e+000 6.00000e+000 1.00000e+000 2.00000e+000 7.00000e+000 1.00000e+000 2.00000e+000 7.00000e+000 0.00000e+000
*
* Reference side 1
Q 1 1.00000e+000 7.00000e+000 0.00000e+000 1.00000e+000 7.00000e+000 1.00000e+000 1.00000e+000 8.00000e+000 1.00000e+000 1.00000e+000 8.00000e+000 0.00000e+000
*
* Opposite reference side 1
Q 1 2.00000e+000 7.00000e+000 0.00000e+000 2.00000e+000 7.00000e+000 1.00000e+000 2.00000e+000 8.00000e+000 1.00000e+000 2.00000e+000 8.00000e+000 0.00000e+000
*
* Reference side 1
Q 1 1.00000e+000 8.00000e+000 0.00000e+000 1.00000e+000 8.00000e+000 1.00000e+000 1.00000e+000 9.00000e+000 1.00000e+000 1.00000e+000 9.00000e+000 0.00000e+000
*
* Opposite reference side 1
Q 1 2.00000e+000 8.00000e+000 0.00000e+000 2.00000e+000 8.00000e+000 1.00000e+000 2.00000e+000 9.00000e+000 1.00000e+000 2.00000e+000 9.00000e+000 0.00000e+000
*
* End faces
Q 1 2.00000e+000 0.00000e+000 0.00000e+000 2.00000e+000 0.00000e+000 1.00000e+000 1.00000e+000 0.00000e+000 1.00000e+000 1.00000e+000 0.00000e+000 0.00000e+000
*
Q 1 2.00000e+000 9.00000e+000 0.00000e+000 2.00000e+000 9.00000e+000 1.00000e+000 1.00000e+000 9.00000e+000 1.00000e+000 1.00000e+000 9.00000e+000 0.00000e+000
*
*
* Bar corners: (3 0 1) (3 9 1) (4 0 1) (3 0 0)
* Reference side 0
Q 2 3.00000e+000 0.00000e+000 1.00000e+000 4.00000e+000 0.00000e+000 1.00000e+000 4.00000e+000 1.00000e+000 1.00000e+000 3.00000e+000 1.00000e+000 1.00000e+000
*
* Opposite reference side 0
Q 2 3.00000e+000 0.00000e+000 0.00000e+000 4.00000e+000 0.00000e+000 0.00000e+000 4.00000e+000 1.00000e+000 0.00000e+000 3.00000e+000 1.00000e+000 0.00000e+000
*
* Reference side 0
Q 2 3.00000e+000 1.00000e+000 1.00000e+000 4.00000e+000 1.00000e+000 1.00000e+000 4.00000e+000 2.00000e+000 1.00000e+000 3.00000e+000 2.00000e+000 1.00000e+000
*
* Opposite reference side 0
Q 2 3.00000e+000 1.00000e+000 0.00000e+000 4.00000e+000 1.00000e+000 0.00000e+000 4.00000e+000 2.00000e+000 0.00000e+000 3.00000e+000 2.00000e+000 0.00000e+000
*
* Reference side 0
Q 2 3.00000e+000 2.00000e+000 1.00000e+000 4.00000e+000 2.00000e+000 1.00000e+000 4.00000e+000 3.00000e+000 1.00000e+000 3.00000e+000 3.00000e+000 1.00000e+000
*
* Opposite reference side 0
Q 2 3.00000e+000 2.00000e+000 0.00000e+000 4.00000e+000 2.00000e+000 0.00000e+000 4.00000e+000 3.00000e+000 0.00000e+000 3.00000e+000 3.00000e+000 0.00000e+000
*
* Reference side 0
Q 2 3.00000e+000 3.00000e+000 1.00000e+000 4.00000e+000 3.00000e+000 1.00000e+000 4.00000e+000 4.00000e+000 1.00000e+000 3.00000e+000 4.00000e+000 1.00000e+000
*
* Opposite reference side 0
Q 2 3.00000e+000 3.00000e+000 0.00000e+000 4.00000e+000 3.00000e+000 0.00000e+000 4.00000e+000 4.00000e+000 0.00000e+000 3.00000e+000 4.00000e+000 0.00000e+000
*
* Reference side 0
Q 2 3.00000e+000 4.00000e+000 1.00000e+000 4.00000e+000 4.00000e+000 1.00000e+000 4.00000e+000 5.00000e+000 1.00000e+000 3.00000e+000 5.00000e+000 1.00000e+000
*
* Opposite reference side 0
Q 2 3.00000e+000 4.00000e+000 0.00000e+000 4.00000e+000 4.00000e+000 0.00000e+000 4.00000e+000 5.00000e+000 0.00000e+000 3.00000e+000 5.00000e+000 0.00000e+000
*
* Reference side 0
Q 2 3.00000e+000 5.00000e+000 1.00000e+000 4.00000e+000 5.00000e+000 1.00000e+000 4.00000e+000 6.00000e+000 1.00000e+000 3.00000e+000 6.00000e+000 1.00000e+000
*
* Opposite reference side 0
Q 2 3.00000e+000 5.00000e+000 0.00000e+000 4.00000e+000 5.00000e+000 0.00000e+000 4.00000e+000 6.00000e+000 0.00000e+000 3.00000e+000 6.00000e+000 0.00000e+000
*
* Reference side 0
Q 2 3.00000e+000 6.00000e+000 1.00000e+000 4.00000e+000 6.00000e+000 1.00000e+000 4.00000e+000 7.00000e+000 1.00000e+000 3.00000e+000 7.00000e+000 1.00000e+000
*
* Opposite reference side 0
Q 2 3.00000e+000 6.00000e+000 0.00000e+000 4.00000e+000 6.00000e+000 0.00000e+000 4.00000e+000 7.00000e+000 0.00000e+000 3.00000e+000 7.00000e+000 0.00000e+000
*
* Reference side 0
Q 2 3.00000e+000 7.00000e+000 1.00000e+000 4.00000e+000 7.00000e+000 1.00000e+000 4.00000e+000 8.00000e+000 1.00000e+000 3.00000e+000 8.00000e+000 1.00000e+000
*
* Opposite reference side 0
Q 2 3.00000e+000 7.00000e+000 0.00000e+000 4.00000e+000 7.00000e+000 0.00000e+000 4.00000e+000 8.00000e+000 0.00000e+000 3.00000e+000 8.00000e+000 0.00000e+000
*
* Reference side 0
Q 2 3.00000e+000 8.00000e+000 1.00000e+000 4.00000e+000 8.00000e+000 1.00000e+000 4.00000e+000 9.00000e+000 1.00000e+000 3.00000e+000 9.00000e+000 1.00000e+000
*
* Opposite reference side 0
Q 2 3.00000e+000 8.00000e+000 0.00000e+000 4.00000e+000 8.00000e+000 0.00000e+000 4.00000e+000 9.00000e+000 0.00000e+000 3.00000e+000 9.00000e+000 0.00000e+000
*
* Reference side 1
Q 2 3.00000e+000 0.00000e+000 0.00000e+000 3.00000e+000 0.00000e+000 1.00000e+000 3.00000e+000 1.00000e+000 1.00000e+000 3.00000e+000 1.00000e+000 0.00000e+000
*
* Opposite reference side 1
Q 2 4.00000e+000 0.00000e+000 0.00000e+000 4.00000e+000 0.00000e+000 1.00000e+000 4.00000e+000 1.00000e+000 1.00000e+000 4.00000e+000 1.00000e+000 0.00000e+000
*
* Reference side 1
Q 2 3.00000e+000 1.00000e+000 0.00000e+000 3.00000e+000 1.00000e+000 1.00000e+000 3.00000e+000 2.00000e+000 1.00000e+000 3.00000e+000 2.00000e+000 0.00000e+000
*
* Opposite reference side 1
Q 2 4.00000e+000 1.00000e+000 0.00000e+000 4.00000e+000 1.00000e+000 1.00000e+000 4.00000e+000 2.00000e+000 1.00000e+000 4.00000e+000 2.00000e+000 0.00000e+000
*
* Reference side 1
Q 2 3.00000e+000 2.00000e+000 0.00000e+000 3.00000e+000 2.00000e+000 1.00000e+000 3.00000e+000 3.00000e+000 1.00000e+000 3.00000e+000 3.00000e+000 0.00000e+000
*
* Opposite reference side 1
Q 2 4.00000e+000 2.00000e+000 0.00000e+000 4.00000e+000 2.00000e+000 1.00000e+000 4.00000e+000 3.00000e+000 1.00000e+000 4.00000e+000 3.00000e+000 0.00000e+000
*
* Reference side 1
Q 2 3.00000e+000 3.00000e+000 0.00000e+000 3.00000e+000 3.00000e+000 1.00000e+000 3.00000e+000 4.00000e+000 1.00000e+000 3.00000e+000 4.00000e+000 0.00000e+000
*
* Opposite reference side 1
Q 2 4.00000e+000 3.00000e+000 0.00000e+000 4.00000e+000 3.00000e+000 1.00000e+000 4.00000e+000 4.00000e+000 1.00000e+000 4.00000e+000 4.00000e+000 0.00000e+000
*
* Reference side 1
Q 2 3.00000e+000 4.00000e+000 0.00000e+000 3.00000e+000 4.00000e+000 1.00000e+000 3.00000e+000 5.00000e+000 1.00000e+000 3.00000e+000 5.00000e+000 0.00000e+000
*
* Opposite reference side 1
Q 2 4.00000e+000 4.00000e+000 0.00000e+000 4.00000e+000 4.00000e+000 1.00000e+000 4.00000e+000 5.00000e+000 1.00000e+000 4.00000e+000 5.00000e+000 0.00000e+000
*
* Reference side 1
Q 2 3.00000e+000 5.00000e+000 0.00000e+000 3.00000e+000 5.00000e+000 1.00000e+000 3.00000e+000 6.00000e+000 1.00000e+000 3.00000e+000 6.00000e+000 0.00000e+000
*
* Opposite reference side 1
Q 2 4.00000e+000 5.00000e+000 0.00000e+000 4.00000e+000 5.00000e+000 1.00000e+000 4.00000e+000 6.00000e+000 1.00000e+000 4.00000e+000 6.00000e+000 0.00000e+000
*
* Reference side 1
Q 2 3.00000e+000 6.00000e+000 0.00000e+000 3.00000e+000 6.00000e+000 1.00000e+000 3.00000e+000 7.00000e+000 1.00000e+000 3.00000e+000 7.00000e+000 0.00000e+000
*
* Opposite reference side 1
Q 2 4.00000e+000 6.00000e+000 0.00000e+000 4.00000e+000 6.00000e+000 1.00000e+000 4.00000e+000 7.00000e+000 1.00000e+000 4.00000e+000 7.00000e+000 0.00000e+000
*
* Reference side 1
Q 2 3.00000e+000 7.00000e+000 0.00000e+000 3.00000e+000 7.00000e+000 1.00000e+000 3.00000e+000 8.00000e+000 1.00000e+000 3.00000e+000 8.00000e+000 0.00000e+000
*
* Opposite reference side 1
Q 2 4.00000e+000 7.00000e+000 0.00000e+000 4.00000e+000 7.00000e+000 1.00000e+000 4.00000e+000 8.00000e+000 1.00000e+000 4.00000e+000 8.00000e+000 0.00000e+000
*
* Reference side 1
Q 2 3.00000e+000 8.00000e+000 0.00000e+000 3.00000e+000 8.00000e+000 1.00000e+000 3.00000e+000 9.00000e+000 1.00000e+000 3.00000e+000 9.00000e+000 0.00000e+000
*
* Opposite reference side 1
Q 2 4.00000e+000 8.00000e+000 0.00000e+000 4.00000e+000 8.00000e+000 1.00000e+000 4.00000e+000 9.00000e+000 1.00000e+000 4.00000e+000 9.00000e+000 0.00000e+000
*
* End faces
Q 2 4.00000e+000 0.00000e+000 0.00000e+000 4.00000e+000 0.00000e+000 1.00000e+000 3.00000e+000 0.00000e+000 1.00000e+000 3.00000e+000 0.00000e+000 0.00000e+000
*
Q 2 4.00000e+000 9.00000e+000 0.00000e+000 4.00000e+000 9.00000e+000 1.00000e+000 3.00000e+000 9.00000e+000 1.00000e+000 3.00000e+000 9.00000e+000 0.00000e+000
*
*
* Bar corners: (5 0 1) (5 9 1) (6 0 1) (5 0 0)
* Reference side 0
Q 3 5.00000e+000 0.00000e+000 1.00000e+000 6.00000e+000 0.00000e+000 1.00000e+000 6.00000e+000 1.00000e+000 1.00000e+000 5.00000e+000 1.00000e+000 1.00000e+000
*
* Opposite reference side 0
Q 3 5.00000e+000 0.00000e+000 0.00000e+000 6.00000e+000 0.00000e+000 0.00000e+000 6.00000e+000 1.00000e+000 0.00000e+000 5.00000e+000 1.00000e+000 0.00000e+000
*
* Reference side 0
Q 3 5.00000e+000 1.00000e+000 1.00000e+000 6.00000e+000 1.00000e+000 1.00000e+000 6.00000e+000 2.00000e+000 1.00000e+000 5.00000e+000 2.00000e+000 1.00000e+000
*
* Opposite reference side 0
Q 3 5.00000e+000 1.00000e+000 0.00000e+000 6.00000e+000 1.00000e+000 0.00000e+000 6.00000e+000 2.00000e+000 0.00000e+000 5.00000e+000 2.00000e+000 0.00000e+000
*
* Reference side 0
Q 3 5.00000e+000 2.00000e+000 1.00000e+000 6.00000e+000 2.00000e+000 1.00000e+000 6.00000e+000 3.00000e+000 1.00000e+000 5.00000e+000 3.00000e+000 1.00000e+000
*
* Opposite reference side 0
Q 3 5.00000e+000 2.00000e+000 0.00000e+000 6.00000e+000 2.00000e+000 0.00000e+000 6.00000e+000 3.00000e+000 0.00000e+000 5.00000e+000 3.00000e+000 0.00000e+000
*
* Reference side 0
Q 3 5.00000e+000 3.00000e+000 1.00000e+000 6.00000e+000 3.00000e+000 1.00000e+000 6.00000e+000 4.00000e+000 1.00000e+000 5.00000e+000 4.00000e+000 1.00000e+000
*
* Opposite reference side 0
Q 3 5.00000e+000 3.00000e+000 0.00000e+000 6.00000e+000 3.00000e+000 0.00000e+000 6.00000e+000 4.00000e+000 0.00000e+000 5.00000e+000 4.00000e+000 0.00000e+000
*
* Reference side 0
Q 3 5.00000e+000 4.00000e+000 1.00000e+000 6.00000e+000 4.00000e+000 1.00000e+000 6.00000e+000 5.00000e+000 1.00000e+000 5.00000e+000 5.00000e+000 1.00000e+000
*
* Opposite reference side 0
Q 3 5.00000e+000 4.00000e+000 0.00000e+000 6.00000e+000 4.00000e+000 0.00000e+000 6.00000e+000 5.00000e+000 0.00000e+000 5.00000e+000 5.00000e+000 0.00000e+000
*
* Reference side 0
Q 3 5.00000e+000 5.00000e+000 1.00000e+000 6.00000e+000 5.00000e+000 1.00000e+000 6.00000e+000 6.00000e+000 1.00000e+000 5.00000e+000 6.00000e+000 1.00000e+000
*
* Opposite reference side 0
Q 3 5.00000e+000 5.00000e+000 0.00000e+000 6.00000e+000 5.00000e+000 0.00000e+000 6.00000e+000 6.00000e+000 0.00000e+000 5.00000e+000 6.00000e+000 0.00000e+000
*
* Reference side 0
Q 3 5.00000e+000 6.00000e+000 1.00000e+000 6.00000e+000 6.00000e+000 1.00000e+000 6.00000e+000 7.00000e+000 1.00000e+000 5.00000e+000 7.00000e+000 1.00000e+000
*
* Opposite reference side 0
Q 3 5.00000e+000 6.00000e+000 0.00000e+000 6.00000e+000 6.00000e+000 0.00000e+000 6.00000e+000 7.00000e+000 0.00000e+000 5.00000e+000 7.00000e+000 0.00000e+000
*
* Reference side 0
Q 3 5.00000e+000 7.00000e+000 1.00000e+000 6.00000e+000 7.00000e+000 1.00000e+000 6.00000e+000 8.00000e+000 1.00000e+000 5.00000e+000 8.00000e+000 1.00000e+000
*
* Opposite reference side 0
Q 3 5.00000e+000 7.00000e+000 0.00000e+000 6.00000e+000 7.00000e+000 0.00000e+000 6.00000e+000 8.00000e+000 0.00000e+000 5.00000e+000 8.00000e+000 0.00000e+000
*
* Reference side 0
Q 3 5.00000e+000 8.00000e+000 1.00000e+000 6.00000e+000 8.00000e+000 1.00000e+000 6.00000e+000 9.00000e+000 1.00000e+000 5.00000e+000 9.00000e+000 1.00000e+000
*
* Opposite reference side 0
Q 3 5.00000e+000 8.00000e+000 0.00000e+000 6.00000e+000 8.00000e+000 0.00000e+000 6.00000e+000 9.00000e+000 0.00000e+000 5.00000e+000 9.00000e+000 0.00000e+000
*
* Reference side 1
Q 3 5.00000e+000 0.00000e+000 0.00000e+000 5.00000e+000 0.00000e+000 1.00000e+000 5.00000e+000 1.00000e+000 1.00000e+000 5.00000e+000 1.00000e+000 0.00000e+000
*
* Opposite reference side 1
Q 3 6.00000e+000 0.00000e+000 0.00000e+000 6.00000e+000 0.00000e+000 1.00000e+000 6.00000e+000 1.00000e+000 1.00000e+000 6.00000e+000 1.00000e+000 0.00000e+000
*
* Reference side 1
Q 3 5.00000e+000 1.00000e+000 0.00000e+000 5.00000e+000 1.00000e+000 1.00000e+000 5.00000e+000 2.00000e+000 1.00000e+000 5.00000e+000 2.00000e+000 0.00000e+000
*
* Opposite reference side 1
Q 3 6.00000e+000 1.00000e+000 0.00000e+000 6.00000e+000 1.00000e+000 1.00000e+000 6.00000e+000 2.00000e+000 1.00000e+000 6.00000e+000 2.00000e+000 0.00000e+000
*
* Reference side 1
Q 3 5.00000e+000 2.00000e+000 0.00000e+000 5.00000e+000 2.00000e+000 1.00000e+000 5.00000e+000 3.00000e+000 1.00000e+000 5.00000e+000 3.00000e+000 0.00000e+000
*
* Opposite reference side 1
Q 3 6.00000e+000 2.00000e+000 0.00000e+000 6.00000e+000 2.00000e+000 1.00000e+000 6.00000e+000 3.00000e+000 1.00000e+000 6.00000e+000 3.00000e+000 0.00000e+000
*
* Reference side 1
Q 3 5.00000e+000 3.00000e+000 0.00000e+000 5.00000e+000 3.00000e+000 1.00000e+000 5.00000e+000 4.00000e+000 1.00000e+000 5.00000e+000 4.00000e+000 0.00000e+000
*
* Opposite reference side 1
Q 3 6.00000e+000 3.00000e+000 0.00000e+000 6.00000e+000 3.00000e+000 1.00000e+000 6.00000e+000 4.00000e+000 1.00000e+000 6.00000e+000 4.00000e+000 0.00000e+000
*
* Reference side 1
Q 3 5.00000e+000 4.00000e+000 0.00000e+000 5.00000e+000 4.00000e+000 1.00000e+000 5.00000e+000 5.00000e+000 1.00000e+000 5.00000e+000 5.00000e+000 0.00000e+000
*
* Opposite reference side 1
Q 3 6.00000e+000 4.00000e+000 0.00000e+000 6.00000e+000 4.00000e+000 1.00000e+000 6.00000e+000 5.00000e+000 1.00000e+000 6.00000e+000 5.00000e+000 0.00000e+000
*
* Reference side 1
Q 3 5.00000e+000 5.00000e+000 0.00000e+000 5.00000e+000 5.00000e+000 1.00000e+000 5.00000e+000 6.00000e+000 1.00000e+000 5.00000e+000 6.00000e+000 0.00000e+000
*
* Opposite reference side 1
Q 3 6.00000e+000 5.00000e+000 0.00000e+000 6.00000e+000 5.00000e+000 1.00000e+000 6.00000e+000 6.00000e+000 1.00000e+000 6.00000e+000 6.00000e+000 0.00000e+000
*
* Reference side 1
Q 3 5.00000e+000 6.00000e+000 0.00000e+000 5.00000e+000 6.00000e+000 1.00000e+000 5.00000e+000 7.00000e+000 1.00000e+000 5.00000e+000 7.00000e+000 0.00000e+000
*
* Opposite reference side 1
Q 3 6.00000e+000 6.00000e+000 0.00000e+000 6.00000e+000 6.00000e+000 1.00000e+000 6.00000e+000 7.00000e+000 1.00000e+000 6.00000e+000 7.00000e+000 0.00000e+000
*
* Reference side 1
Q 3 5.00000e+000 7.00000e+000 0.00000e+000 5.00000e+000 7.00000e+000 1.00000e+000 5.00000e+000 8.00000e+000 1.00000e+000 5.00000e+000 8.00000e+000 0.00000e+000
*
* Opposite reference side 1
Q 3 6.00000e+000 7.00000e+000 0.00000e+000 6.00000e+000 7.00000e+000 1.00000e+000 6.00000e+000 8.00000e+000 1.00000e+000 6.00000e+000 8.00000e+000 0.00000e+000
*
* Reference side 1
Q 3 5.00000e+000 8.00000e+000 0.00000e+000 5.00000e+000 8.00000e+000 1.00000e+000 5.00000e+000 9.00000e+000 1.00000e+000 5.00000e+000 9.00000e+000 0.00000e+000
*
* Opposite reference side 1
Q 3 6.00000e+000 8.00000e+000 0.00000e+000 6.00000e+000 8.00000e+000 1.00000e+000 6.00000e+000 9.00000e+000 1.00000e+000 6.00000e+000 9.00000e+000 0.00000e+000
*
* End faces
Q 3 6.00000e+000 0.00000e+000 0.00000e+000 6.00000e+000 0.00000e+000 1.00000e+000 5.00000e+000 0.00000e+000 1.00000e+000 5.00000e+000 0.00000e+000 0.00000e+000
*
Q 3 6.00000e+000 9.00000e+000 0.00000e+000 6.00000e+000 9.00000e+000 1.00000e+000 5.00000e+000 9.00000e+000 1.00000e+000 5.00000e+000 9.00000e+000 0.00000e+000
*
*
* Bar corners: (7 0 1) (7 9 1) (8 0 1) (7 0 0)
* Reference side 0
Q 4 7.00000e+000 0.00000e+000 1.00000e+000 8.00000e+000 0.00000e+000 1.00000e+000 8.00000e+000 1.00000e+000 1.00000e+000 7.00000e+000 1.00000e+000 1.00000e+000
*
* Opposite reference side 0
Q 4 7.00000e+000 0.00000e+000 0.00000e+000 8.00000e+000 0.00000e+000 0.00000e+000 8.00000e+000 1.00000e+000 0.00000e+000 7.00000e+000 1.00000e+000 0.00000e+000
*
* Reference side 0
Q 4 7.00000e+000 1.00000e+000 1.00000e+000 8.00000e+000 1.00000e+000 1.00000e+000 8.00000e+000 2.00000e+000 1.00000e+000 7.00000e+000 2.00000e+000 1.00000e+000
*
* Opposite reference side 0
Q 4 7.00000e+000 1.00000e+000 0.00000e+000 8.00000e+000 1.00000e+000 0.00000e+000 8.00000e+000 2.00000e+000 0.00000e+000 7.00000e+000 2.00000e+000 0.00000e+000
*
* Reference side 0
Q 4 7.00000e+000 2.00000e+000 1.00000e+000 8.00000e+000 2.00000e+000 1.00000e+000 8.00000e+000 3.00000e+000 1.00000e+000 7.00000e+000 3.00000e+000 1.00000e+000
*
* Opposite reference side 0
Q 4 7.00000e+000 2.00000e+000 0.00000e+000 8.00000e+000 2.00000e+000 0.00000e+000 8.00000e+000 3.00000e+000 0.00000e+000 7.00000e+000 3.00000e+000 0.00000e+000
*
* Reference side 0
Q 4 7.00000e+000 3.00000e+000 1.00000e+000 8.00000e+000 3.00000e+000 1.00000e+000 8.00000e+000 4.00000e+000 1.00000e+000 7.00000e+000 4.00000e+000 1.00000e+000
*
* Opposite reference side 0
Q 4 7.00000e+000 3.00000e+000 0.00000e+000 8.00000e+000 3.00000e+000 0.00000e+000 8.00000e+000 4.00000e+000 0.00000e+000 7.00000e+000 4.00000e+000 0.00000e+000
*
* Reference side 0
Q 4 7.00000e+000 4.00000e+000 1.00000e+000 8.00000e+000 4.00000e+000 1.00000e+000 8.00000e+000 5.00000e+000 1.00000e+000 7.00000e+000 5.00000e+000 1.00000e+000
*
* Opposite reference side 0
Q 4 7.00000e+000 4.00000e+000 0.00000e+000 8.00000e+000 4.00000e+000 0.00000e+000 8.00000e+000 5.00000e+000 0.00000e+000 7.00000e+000 5.00000e+000 0.00000e+000
*
* Reference side 0
Q 4 7.00000e+000 5.00000e+000 1.00000e+000 8.00000e+000 5.00000e+000 1.00000e+000 8.00000e+000 6.00000e+000 1.00000e+000 7.00000e+000 6.00000e+000 1.00000e+000
*
* Opposite reference side 0
Q 4 7.00000e+000 5.00000e+000 0.00000e+000 8.00000e+000 5.00000e+000 0.00000e+000 8.00000e+000 6.00000e+000 0.00000e+000 7.00000e+000 6.00000e+000 0.00000e+000
*
* Reference side 0
Q 4 7.00000e+000 6.00000e+000 1.00000e+000 8.00000e+000 6.00000e+000 1.00000e+000 8.00000e+000 7.00000e+000 1.00000e+000 7.00000e+000 7.00000e+000 1.00000e+000
*
* Opposite reference side 0
Q 4 7.00000e+000 6.00000e+000 0.00000e+000 8.00000e+000 6.00000e+000 0.00000e+000 8.00000e+000 7.00000e+000 0.00000e+000 7.00000e+000 7.00000e+000 0.00000e+000
*
* Reference side 0
Q 4 7.00000e+000 7.00000e+000 1.00000e+000 8.00000e+000 7.00000e+000 1.00000e+000 8.00000e+000 8.00000e+000 1.00000e+000 7.00000e+000 8.00000e+000 1.00000e+000
*
* Opposite reference side 0
Q 4 7.00000e+000 7.00000e+000 0.00000e+000 8.00000e+000 7.00000e+000 0.00000e+000 8.00000e+000 8.00000e+000 0.00000e+000 7.00000e+000 8.00000e+000 0.00000e+000
*
* Reference side 0
Q 4 7.00000e+000 8.00000e+000 1.00000e+000 8.00000e+000 8.00000e+000 1.00000e+000 8.00000e+000 9.00000e+000 1.00000e+000 7.00000e+000 9.00000e+000 1.00000e+000
*
* Opposite reference side 0
Q 4 7.00000e+000 8.00000e+000 0.00000e+000 8.00000e+000 8.00000e+000 0.00000e+000 8.00000e+000 9.00000e+000 0.00000e+000 7.00000e+000 9.00000e+000 0.00000e+000
*
* Reference side 1
Q 4 7.00000e+000 0.00000e+000 0.00000e+000 7.00000e+000 0.00000e+000 1.00000e+000 7.00000e+000 1.00000e+000 1.00000e+000 7.00000e+000 1.00000e+000 0.00000e+000
*
* Opposite reference side 1
Q 4 8.00000e+000 0.00000e+000 0.00000e+000 8.00000e+000 0.00000e+000 1.00000e+000 8.00000e+000 1.00000e+000 1.00000e+000 8.00000e+000 1.00000e+000 0.00000e+000
*
* Reference side 1
Q 4 7.00000e+000 1.00000e+000 0.00000e+000 7.00000e+000 1.00000e+000 1.00000e+000 7.00000e+000 2.00000e+000 1.00000e+000 7.00000e+000 2.00000e+000 0.00000e+000
*
* Opposite reference side 1
Q 4 8.00000e+000 1.00000e+000 0.00000e+000 8.00000e+000 1.00000e+000 1.00000e+000 8.00000e+000 2.00000e+000 1.00000e+000 8.00000e+000 2.00000e+000 0.00000e+000
*
* Reference side 1
Q 4 7.00000e+000 2.00000e+000 0.00000e+000 7.00000e+000 2.00000e+000 1.00000e+000 7.00000e+000 3.00000e+000 1.00000e+000 7.00000e+000 3.00000e+000 0.00000e+000
*
* Opposite reference side 1
Q 4 8.00000e+000 2.00000e+000 0.00000e+000 8.00000e+000 2.00000e+000 1.00000e+000 8.00000e+000 3.00000e+000 1.00000e+000 8.00000e+000 3.00000e+000 0.00000e+000
*
* Reference side 1
Q 4 7.00000e+000 3.00000e+000 0.00000e+000 7.00000e+000 3.00000e+000 1.00000e+000 7.00000e+000 4.00000e+000 1.00000e+000 7.00000e+000 4.00000e+000 0.00000e+000
*
* Opposite reference side 1
Q 4 8.00000e+000 3.00000e+000 0.00000e+000 8.00000e+000 3.00000e+000 1.00000e+000 8.00000e+000 4.00000e+000 1.00000e+000 8.00000e+000 4.00000e+000 0.00000e+000
*
* Reference side 1
Q 4 7.00000e+000 4.00000e+000 0.00000e+000 7.00000e+000 4.00000e+000 1.00000e+000 7.00000e+000 5.00000e+000 1.00000e+000 7.00000e+000 5.00000e+000 0.00000e+000
*
* Opposite reference side 1
Q 4 8.00000e+000 4.00000e+000 0.00000e+000 8.00000e+000 4.00000e+000 1.00000e+000 8.00000e+000 5.00000e+000 1.00000e+000 8.00000e+000 5.00000e+000 0.00000e+000
*
* Reference side 1
Q 4 7.00000e+000 5.00000e+000 0.00000e+000 7.00000e+000 5.00000e+000 1.00000e+000 7.00000e+000 6.00000e+000 1.00000e+000 7.00000e+000 6.00000e+000 0.00000e+000
*
* Opposite reference side 1
Q 4 8.00000e+000 5.00000e+000 0.00000e+000 8.00000e+000 5.00000e+000 1.00000e+000 8.00000e+000 6.00000e+000 1.00000e+000 8.00000e+000 6.00000e+000 0.00000e+000
*
* Reference side 1
Q 4 7.00000e+000 6.00000e+000 0.00000e+000 7.00000e+000 6.00000e+000 1.00000e+000 7.00000e+000 7.00000e+000 1.00000e+000 7.00000e+000 7.00000e+000 0.00000e+000
*
* Opposite reference side 1
Q 4 8.00000e+000 6.00000e+000 0.00000e+000 8.00000e+000 6.00000e+000 1.00000e+000 8.00000e+000 7.00000e+000 1.00000e+000 8.00000e+000 7.00000e+000 0.00000e+000
*
* Reference side 1
Q 4 7.00000e+000 7.00000e+000 0.00000e+000 7.00000e+000 7.00000e+000 1.00000e+000 7.00000e+000 8.00000e+000 1.00000e+000 7.00000e+000 8.00000e+000 0.00000e+000
*
* Opposite reference side 1
Q 4 8.00000e+000 7.00000e+000 0.00000e+000 8.00000e+000 7.00000e+000 1.00000e+000 8.00000e+000 8.00000e+000 1.00000e+000 8.00000e+000 8.00000e+000 0.00000e+000
*
* Reference side 1
Q 4 7.00000e+000 8.00000e+000 0.00000e+000 7.00000e+000 8.00000e+000 1.00000e+000 7.00000e+000 9.00000e+000 1.00000e+000 7.00000e+000 9.00000e+000 0.00000e+000
*
* Opposite reference side 1
Q 4 8.00000e+000 8.00000e+000 0.00000e+000 8.00000e+000 8.00000e+000 1.00000e+000 8.00000e+000 9.00000e+000 1.00000e+000 8.00000e+000 9.00000e+000 0.00000e+000
*
* End faces
Q 4 8.00000e+000 0.00000e+000 0.00000e+000 8.00000e+000 0.00000e+000 1.00000e+000 7.00000e+000 0.00000e+000 1.00000e+000 7.00000e+000 0.00000e+000 0.00000e+000
*
Q 4 8.00000e+000 9.00000e+000 0.00000e+000 8.00000e+000 9.00000e+000 1.00000e+000 7.00000e+000 9.00000e+000 1.00000e+000 7.00000e+000 9.00000e+000 0.00000e+000
*
*
* Bar corners: (0 1 2) (0 2 2) (9 1 2) (0 1 3)
* Reference side 0
Q 5 0.00000e+000 1.00000e+000 2.00000e+000 1.00000e+000 1.00000e+000 2.00000e+000 1.00000e+000 2.00000e+000 2.00000e+000 0.00000e+000 2.00000e+000 2.00000e+000
*
* Opposite reference side 0
Q 5 0.00000e+000 1.00000e+000 3.00000e+000 1.00000e+000 1.00000e+000 3.00000e+000 1.00000e+000 2.00000e+000 3.00000e+000 0.00000e+000 2.00000e+000 3.00000e+000
*
* Reference side 0
Q 5 1.00000e+000 1.00000e+000 2.00000e+000 2.00000e+000 1.00000e+000 2.00000e+000 2.00000e+000 2.00000e+000 2.00000e+000 1.00000e+000 2.00000e+000 2.00000e+000
*
* Opposite reference side 0
Q 5 1.00000e+000 1.00000e+000 3.00000e+000 2.00000e+000 1.00000e+000 3.00000e+000 2.00000e+000 2.00000e+000 3.00000e+000 1.00000e+000 2.00000e+000 3.00000e+000
*
* Reference side 0
Q 5 2.00000e+000 1.00000e+000 2.00000e+000 3.00000e+000 1.00000e+000 2.00000e+000 3.00000e+000 2.00000e+000 2.00000e+000 2.00000e+000 2.00000e+000 2.00000e+000
*
* Opposite reference side 0
Q 5 2.00000e+000 1.00000e+000 3.00000e+000 3.00000e+000 1.00000e+000 3.00000e+000 3.00000e+000 2.00000e+000 3.00000e+000 2.00000e+000 2.00000e+000 3.00000e+000
*
* Reference side 0
Q 5 3.00000e+000 1.00000e+000 2.00000e+000 4.00000e+000 1.00000e+000 2.00000e+000 4.00000e+000 2.00000e+000 2.00000e+000 3.00000e+000 2.00000e+000 2.00000e+000
*
* Opposite reference side 0
Q 5 3.00000e+000 1.00000e+000 3.00000e+000 4.00000e+000 1.00000e+000 3.00000e+000 4.00000e+000 2.00000e+000 3.00000e+000 3.00000e+000 2.00000e+000 3.00000e+000
*
* Reference side 0
Q 5 4.00000e+000 1.00000e+000 2.00000e+000 5.00000e+000 1.00000e+000 2.00000e+000 5.00000e+000 2.00000e+000 2.00000e+000 4.00000e+000 2.00000e+000 2.00000e+000
*
* Opposite reference side 0
Q 5 4.00000e+000 1.00000e+000 3.00000e+000 5.00000e+000 1.00000e+000 3.00000e+000 5.00000e+000 2.00000e+000 3.00000e+000 4.00000e+000 2.00000e+000 3.00000e+000
*
* Reference side 0
Q 5 5.00000e+000 1.00000e+000 2.00000e+000 6.00000e+000 1.00000e+000 2.00000e+000 6.00000e+000 2.00000e+000 2.00000e+000 5.00000e+000 2.00000e+000 2.00000e+000
*
* Opposite reference side 0
Q 5 5.00000e+000 1.00000e+000 3.00000e+000 6.00000e+000 1.00000e+000 3.00000e+000 6.00000e+000 2.00000e+000 3.00000e+000 5.00000e+000 2.00000e+000 3.00000e+000
*
* Reference side 0
Q 5 6.00000e+000 1.00000e+000 2.00000e+000 7.00000e+000 1.00000e+000 2.00000e+000 7.00000e+000 2.00000e+000 2.00000e+000 6.00000e+000 2.00000e+000 2.00000e+000
*
* Opposite reference side 0
Q 5 6.00000e+000 1.00000e+000 3.00000e+000 7.00000e+000 1.00000e+000 3.00000e+000 7.00000e+000 2.00000e+000 3.00000e+000 6.00000e+000 2.00000e+000 3.00000e+000
*
* Reference side 0
Q 5 7.00000e+000 1.00000e+000 2.00000e+000 8.00000e+000 1.00000e+000 2.00000e+000 8.00000e+000 2.00000e+000 2.00000e+000 7.00000e+000 2.00000e+000 2.00000e+000
*
* Opposite reference side 0
Q 5 7.00000e+000 1.00000e+000 3.00000e+000 8.00000e+000 1.00000e+000 3.00000e+000 8.00000e+000 2.00000e+000 3.00000e+000 7.00000e+000 2.00000e+000 3.00000e+000
*
* Reference side 0
Q 5 8.00000e+000 1.00000e+000 2.00000e+000 9.00000e+000 1.00000e+000 2.00000e+000 9.00000e+000 2.00000e+000 2.00000e+000 8.00000e+000 2.00000e+000 2.00000e+000
*
* Opposite reference side 0
Q 5 8.00000e+000 1.00000e+000 3.00000e+000 9.00000e+000 1.00000e+000 3.00000e+000 9.00000e+000 2.00000e+000 3.00000e+000 8.00000e+000 2.00000e+000 3.00000e+000
*
* Reference side 1
Q 5 0.00000e+000 1.00000e+000 3.00000e+000 1.00000e+000 1.00000e+000 3.00000e+000 1.00000e+000 1.00000e+000 2.00000e+000 0.00000e+000 1.00000e+000 2.00000e+000
*
* Opposite reference side 1
Q 5 0.00000e+000 2.00000e+000 3.00000e+000 1.00000e+000 2.00000e+000 3.00000e+000 1.00000e+000 2.00000e+000 2.00000e+000 0.00000e+000 2.00000e+000 2.00000e+000
*
* Reference side 1
Q 5 1.00000e+000 1.00000e+000 3.00000e+000 2.00000e+000 1.00000e+000 3.00000e+000 2.00000e+000 1.00000e+000 2.00000e+000 1.00000e+000 1.00000e+000 2.00000e+000
*
* Opposite reference side 1
Q 5 1.00000e+000 2.00000e+000 3.00000e+000 2.00000e+000 2.00000e+000 3.00000e+000 2.00000e+000 2.00000e+000 2.00000e+000 1.00000e+000 2.00000e+000 2.00000e+000
*
* Reference side 1
Q 5 2.00000e+000 1.00000e+000 3.00000e+000 3.00000e+000 1.00000e+000 3.00000e+000 3.00000e+000 1.00000e+000 2.00000e+000 2.00000e+000 1.00000e+000 2.00000e+000
*
* Opposite reference side 1
Q 5 2.00000e+000 2.00000e+000 3.00000e+000 3.00000e+000 2.00000e+000 3.00000e+000 3.00000e+000 2.00000e+000 2.00000e+000 2.00000e+000 2.00000e+000 2.00000e+000
*
* Reference side 1
Q 5 3.00000e+000 1.00000e+000 3.00000e+000 4.00000e+000 1.00000e+000 3.00000e+000 4.00000e+000 1.00000e+000 2.00000e+000 3.00000e+000 1.00000e+000 2.00000e+000
*
* Opposite reference side 1
Q 5 3.00000e+000 2.00000e+000 3.00000e+000 4.00000e+000 2.00000e+000 3.00000e+000 4.00000e+000 2.00000e+000 2.00000e+000 3.00000e+000 2.00000e+000 2.00000e+000
*
* Reference side 1
Q 5 4.00000e+000 1.00000e+000 3.00000e+000 5.00000e+000 1.00000e+000 3.00000e+000 5.00000e+000 1.00000e+000 2.00000e+000 4.00000e+000 1.00000e+000 2.00000e+000
*
* Opposite reference side 1
Q 5 4.00000e+000 2.00000e+000 3.00000e+000 5.00000e+000 2.00000e+000 3.00000e+000 5.00000e+000 2.00000e+000 2.00000e+000 4.00000e+000 2.00000e+000 2.00000e+000
*
* Reference side 1
Q 5 5.00000e+000 1.00000e+000 3.00000e+000 6.00000e+000 1.00000e+000 3.00000e+000 6.00000e+000 1.00000e+000 2.00000e+000 5.00000e+000 1.00000e+000 2.00000e+000
*
* Opposite reference side 1
Q 5 5.00000e+000 2.00000e+000 3.00000e+000 6.00000e+000 2.00000e+000 3.00000e+000 6.00000e+000 2.00000e+000 2.00000e+000 5.00000e+000 2.00000e+000 2.00000e+000
*
* Reference side 1
Q 5 6.00000e+000 1.00000e+000 3.00000e+000 7.00000e+000 1.00000e+000 3.00000e+000 7.00000e+000 1.00000e+000 2.00000e+000 6.00000e+000 1.00000e+000 2.00000e+000
*
* Opposite reference side 1
Q 5 6.00000e+000 2.00000e+000 3.00000e+000 7.00000e+000 2.00000e+000 3.00000e+000 7.00000e+000 2.00000e+000 2.00000e+000 6.00000e+000 2.00000e+000 2.00000e+000
*
* Reference side 1
Q 5 7.00000e+000 1.00000e+000 3.00000e+000 8.00000e+000 1.00000e+000 3.00000e+000 8.00000e+000 1.00000e+000 2.00000e+000 7.00000e+000 1.00000e+000 2.00000e+000
*
* Opposite reference side 1
Q 5 7.00000e+000 2.00000e+000 3.00000e+000 8.00000e+000 2.00000e+000 3.00000e+000 8.00000e+000 2.00000e+000 2.00000e+000 7.00000e+000 2.00000e+000 2.00000e+000
*
* Reference side 1
Q 5 8.00000e+000 1.00000e+000 3.00000e+000 9.00000e+000 1.00000e+000 3.00000e+000 9.00000e+000 1.00000e+000 2.00000e+000 8.00000e+000 1.00000e+000 2.00000e+000
*
* Opposite reference side 1
Q 5 8.00000e+000 2.00000e+000 3.00000e+000 9.00000e+000 2.00000e+000 3.00000e+000 9.00000e+000 2.00000e+000 2.00000e+000 8.00000e+000 2.00000e+000 2.00000e+000
*
* End faces
Q 5 0.00000e+000 2.00000e+000 3.00000e+000 0.00000e+000 2.00000e+000 2.00000e+000 0.00000e+000 1.00000e+000 2.00000e+000 0.00000e+000 1.00000e+000 3.00000e+000
*
Q 5 9.00000e+000 2.00000e+000 3.00000e+000 9.00000e+000 2.00000e+000 2.00000e+000 9.00000e+000 1.00000e+000 2.00000e+000 9.00000e+000 1.00000e+000 3.00000e+000
*
*
* Bar corners: (0 3 2) (0 4 2) (9 3 2) (0 3 3)
* Reference side 0
Q 6 0.00000e+000 3.00000e+000 2.00000e+000 1.00000e+000 3.00000e+000 2.00000e+000 1.00000e+000 4.00000e+000 2.00000e+000 0.00000e+000 4.00000e+000 2.00000e+000
*
* Opposite reference side 0
Q 6 0.00000e+000 3.00000e+000 3.00000e+000 1.00000e+000 3.00000e+000 3.00000e+000 1.00000e+000 4.00000e+000 3.00000e+000 0.00000e+000 4.00000e+000 3.00000e+000
*
* Reference side 0
Q 6 1.00000e+000 3.00000e+000 2.00000e+000 2.00000e+000 3.00000e+000 2.00000e+000 2.00000e+000 4.00000e+000 2.00000e+000 1.00000e+000 4.00000e+000 2.00000e+000
*
* Opposite reference side 0
Q 6 1.00000e+000 3.00000e+000 3.00000e+000 2.00000e+000 3.00000e+000 3.00000e+000 2.00000e+000 4.00000e+000 3.00000e+000 1.00000e+000 4.00000e+000 3.00000e+000
*
* Reference side 0
Q 6 2.00000e+000 3.00000e+000 2.00000e+000 3.00000e+000 3.00000e+000 2.00000e+000 3.00000e+000 4.00000e+000 2.00000e+000 2.00000e+000 4.00000e+000 2.00000e+000
*
* Opposite reference side 0
Q 6 2.00000e+000 3.00000e+000 3.00000e+000 3.00000e+000 3.00000e+000 3.00000e+000 3.00000e+000 4.00000e+000 3.00000e+000 2.00000e+000 4.00000e+000 3.00000e+000
*
* Reference side 0
Q 6 3.00000e+000 3.00000e+000 2.00000e+000 4.00000e+000 3.00000e+000 2.00000e+000 4.00000e+000 4.00000e+000 2.00000e+000 3.00000e+000 4.00000e+000 2.00000e+000
*
* Opposite reference side 0
Q 6 3.00000e+000 3.00000e+000 3.00000e+000 4.00000e+000 3.00000e+000 3.00000e+000 4.00000e+000 4.00000e+000 3.00000e+000 3.00000e+000 4.00000e+000 3.00000e+000
*
* Reference side 0
Q 6 4.00000e+000 3.00000e+000 2.00000e+000 5.00000e+000 3.00000e+000 2.00000e+000 5.00000e+000 4.00000e+000 2.00000e+000 4.00000e+000 4.00000e+000 2.00000e+000
*
* Opposite reference side 0
Q 6 4.00000e+000 3.00000e+000 3.00000e+000 5.00000e+000 3.00000e+000 3.00000e+000 5.00000e+000 4.00000e+000 3.00000e+000 4.00000e+000 4.00000e+000 3.00000e+000
*
* Reference side 0
Q 6 5.00000e+000 3.00000e+000 2.00000e+000 6.00000e+000 3.00000e+000 2.00000e+000 6.00000e+000 4.00000e+000 2.00000e+000 5.00000e+000 4.00000e+000 2.00000e+000
*
* Opposite reference side 0
Q 6 5.00000e+000 3.00000e+000 3.00000e+000 6.00000e+000 3.00000e+000 3.00000e+000 6.00000e+000 4.00000e+000 3.00000e+000 5.00000e+000 4.00000e+000 3.00000e+000
*
* Reference side 0
Q 6 6.00000e+000 3.00000e+000 2.00000e+000 7.00000e+000 3.00000e+000 2.00000e+000 7.00000e+000 4.00000e+000 2.00000e+000 6.00000e+000 4.00000e+000 2.00000e+000
*
* Opposite reference side 0
Q 6 6.00000e+000 3.00000e+000 3.00000e+000 7.00000e+000 3.00000e+000 3.00000e+000 7.00000e+000 4.00000e+000 3.00000e+000 6.00000e+000 4.00000e+000 3.00000e+000
*
* Reference side 0
Q 6 7.00000e+000 3.00000e+000 2.00000e+000 8.00000e+000 3.00000e+000 2.00000e+000 8.00000e+000 4.00000e+000 2.00000e+000 7.00000e+000 4.00000e+000 2.00000e+000
*
* Opposite reference side 0
Q 6 7.00000e+000 3.00000e+000 3.00000e+000 8.00000e+000 3.00000e+000 3.00000e+000 8.00000e+000 4.00000e+000 3.00000e+000 7.00000e+000 4.00000e+000 3.00000e+000
*
* Reference side 0
Q 6 8.00000e+000 3.00000e+000 2.00000e+000 9.00000e+000 3.00000e+000 2.00000e+000 9.00000e+000 4.00000e+000 2.00000e+000 8.00000e+000 4.00000e+000 2.00000e+000
*
* Opposite reference side 0
Q 6 8.00000e+000 3.00000e+000 3.00000e+000 9.00000e+000 3.00000e+000 3.00000e+000 9.00000e+000 4.00000e+000 3.00000e+000 8.00000e+000 4.00000e+000 3.00000e+000
*
* Reference side 1
Q 6 0.00000e+000 3.00000e+000 3.00000e+000 1.00000e+000 3.00000e+000 3.00000e+000 1.00000e+000 3.00000e+000 2.00000e+000 0.00000e+000 3.00000e+000 2.00000e+000
*
* Opposite reference side 1
Q 6 0.00000e+000 4.00000e+000 3.00000e+000 1.00000e+000 4.00000e+000 3.00000e+000 1.00000e+000 4.00000e+000 2.00000e+000 0.00000e+000 4.00000e+000 2.00000e+000
*
* Reference side 1
Q 6 1.00000e+000 3.00000e+000 3.00000e+000 2.00000e+000 3.00000e+000 3.00000e+000 2.00000e+000 3.00000e+000 2.00000e+000 1.00000e+000 3.00000e+000 2.00000e+000
*
* Opposite reference side 1
Q 6 1.00000e+000 4.00000e+000 3.00000e+000 2.00000e+000 4.00000e+000 3.00000e+000 2.00000e+000 4.00000e+000 2.00000e+000 1.00000e+000 4.00000e+000 2.00000e+000
*
* Reference side 1
Q 6 2.00000e+000 3.00000e+000 3.00000e+000 3.00000e+000 3.00000e+000 3.00000e+000 3.00000e+000 3.00000e+000 2.00000e+000 2.00000e+000 3.00000e+000 2.00000e+000
*
* Opposite reference side 1
Q 6 2.00000e+000 4.00000e+000 3.00000e+000 3.00000e+000 4.00000e+000 3.00000e+000 3.00000e+000 4.00000e+000 2.00000e+000 2.00000e+000 4.00000e+000 2.00000e+000
*
* Reference side 1
Q 6 3.00000e+000 3.00000e+000 3.00000e+000 4.00000e+000 3.00000e+000 3.00000e+000 4.00000e+000 3.00000e+000 2.00000e+000 3.00000e+000 3.00000e+000 2.00000e+000
*
* Opposite reference side 1
Q 6 3.00000e+000 4.00000e+000 3.00000e+000 4.00000e+000 4.00000e+000 3.00000e+000 4.00000e+000 4.00000e+000 2.00000e+000 3.00000e+000 4.00000e+000 2.00000e+000
*
* Reference side 1
Q 6 4.00000e+000 3.00000e+000 3.00000e+000 5.00000e+000 3.00000e+000 3.00000e+000 5.00000e+000 3.00000e+000 2.00000e+000 4.00000e+000 3.00000e+000 2.00000e+000
*
* Opposite reference side 1
Q 6 4.00000e+000 4.00000e+000 3.00000e+000 5.00000e+000 4.00000e+000 3.00000e+000 5.00000e+000 4.00000e+000 2.00000e+000 4.00000e+000 4.00000e+000 2.00000e+000
*
* Reference side 1
Q 6 5.00000e+000 3.00000e+000 3.00000e+000 6.00000e+000 3.00000e+000 3.00000e+000 6.00000e+000 3.00000e+000 2.00000e+000 5.00000e+000 3.00000e+000 2.00000e+000
*
* Opposite reference side 1
Q 6 5.00000e+000 4.00000e+000 3.00000e+000 6.00000e+000 4.00000e+000 3.00000e+000 6.00000e+000 4.00000e+000 2.00000e+000 5.00000e+000 4.00000e+000 2.00000e+000
*
* Reference side 1
Q 6 6.00000e+000 3.00000e+000 3.00000e+000 7.00000e+000 3.00000e+000 3.00000e+000 7.00000e+000 3.00000e+000 2.00000e+000 6.00000e+000 3.00000e+000 2.00000e+000
*
* Opposite reference side 1
Q 6 6.00000e+000 4.00000e+000 3.00000e+000 7.00000e+000 4.00000e+000 3.00000e+000 7.00000e+000 4.00000e+000 2.00000e+000 6.00000e+000 4.00000e+000 2.00000e+000
*
* Reference side 1
Q 6 7.00000e+000 3.00000e+000 3.00000e+000 8.00000e+000 3.00000e+000 3.00000e+000 8.00000e+000 3.00000e+000 2.00000e+000 7.00000e+000 3.00000e+000 2.00000e+000
*
* Opposite reference side 1
Q 6 7.00000e+000 4.00000e+000 3.00000e+000 8.00000e+000 4.00000e+000 3.00000e+000 8.00000e+000 4.00000e+000 2.00000e+000 7.00000e+000 4.00000e+000 2.00000e+000
*
* Reference side 1
Q 6 8.00000e+000 3.00000e+000 3.00000e+000 9.00000e+000 3.00000e+000 3.00000e+000 9.00000e+000 3.00000e+000 2.00000e+000 8.00000e+000 3.00000e+000 2.00000e+000
*
* Opposite reference side 1
Q 6 8.00000e+000 4.00000e+000 3.00000e+000 9.00000e+000 4.00000e+000 3.00000e+000 9.00000e+000 4.00000e+000 2.00000e+000 8.00000e+000 4.00000e+000 2.00000e+000
*
* End faces
Q 6 0.00000e+000 4.00000e+000 3.00000e+000 0.00000e+000 4.00000e+000 2.00000e+000 0.00000e+000 3.00000e+000 2.00000e+000 0.00000e+000 3.00000e+000 3.00000e+000
*
Q 6 9.00000e+000 4.00000e+000 3.00000e+000 9.00000e+000 4.00000e+000 2.00000e+000 9.00000e+000 3.00000e+000 2.00000e+000 9.00000e+000 3.00000e+000 3.00000e+000
*
*
* Bar corners: (0 5 2) (0 6 2) (9 5 2) (0 5 3)
* Reference side 0
Q 7 0.00000e+000 5.00000e+000 2.00000e+000 1.00000e+000 5.00000e+000 2.00000e+000 1.00000e+000 6.00000e+000 2.00000e+000 0.00000e+000 6.00000e+000 2.00000e+000
*
* Opposite reference side 0
Q 7 0.00000e+000 5.00000e+000 3.00000e+000 1.00000e+000 5.00000e+000 3.00000e+000 1.00000e+000 6.00000e+000 3.00000e+000 0.00000e+000 6.00000e+000 3.00000e+000
*
* Reference side 0
Q 7 1.00000e+000 5.00000e+000 2.00000e+000 2.00000e+000 5.00000e+000 2.00000e+000 2.00000e+000 6.00000e+000 2.00000e+000 1.00000e+000 6.00000e+000 2.00000e+000
*
* Opposite reference side 0
Q 7 1.00000e+000 5.00000e+000 3.00000e+000 2.00000e+000 5.00000e+000 3.00000e+000 2.00000e+000 6.00000e+000 3.00000e+000 1.00000e+000 6.00000e+000 3.00000e+000
*
* Reference side 0
Q 7 2.00000e+000 5.00000e+000 2.00000e+000 3.00000e+000 5.00000e+000 2.00000e+000 3.00000e+000 6.00000e+000 2.00000e+000 2.00000e+000 6.00000e+000 2.00000e+000
*
* Opposite reference side 0
Q 7 2.00000e+000 5.00000e+000 3.00000e+000 3.00000e+000 5.00000e+000 3.00000e+000 3.00000e+000 6.00000e+000 3.00000e+000 2.00000e+000 6.00000e+000 3.00000e+000
*
* Reference side 0
Q 7 3.00000e+000 5.00000e+000 2.00000e+000 4.00000e+000 5.00000e+000 2.00000e+000 4.00000e+000 6.00000e+000 2.00000e+000 3.00000e+000 6.00000e+000 2.00000e+000
*
* Opposite reference side 0
Q 7 3.00000e+000 5.00000e+000 3.00000e+000 4.00000e+000 5.00000e+000 3.00000e+000 4.00000e+000 6.00000e+000 3.00000e+000 3.00000e+000 6.00000e+000 3.00000e+000
*
* Reference side 0
Q 7 4.00000e+000 5.00000e+000 2.00000e+000 5.00000e+000 5.00000e+000 2.00000e+000 5.00000e+000 6.00000e+000 2.00000e+000 4.00000e+000 6.00000e+000 2.00000e+000
*
* Opposite reference side 0
Q 7 4.00000e+000 5.00000e+000 3.00000e+000 5.00000e+000 5.00000e+000 3.00000e+000 5.00000e+000 6.00000e+000 3.00000e+000 4.00000e+000 6.00000e+000 3.00000e+000
*
* Reference side 0
Q 7 5.00000e+000 5.00000e+000 2.00000e+000 6.00000e+000 5.00000e+000 2.00000e+000 6.00000e+000 6.00000e+000 2.00000e+000 5.00000e+000 6.00000e+000 2.00000e+000
*
* Opposite reference side 0
Q 7 5.00000e+000 5.00000e+000 3.00000e+000 6.00000e+000 5.00000e+000 3.00000e+000 6.00000e+000 6.00000e+000 3.00000e+000 5.00000e+000 6.00000e+000 3.00000e+000
*
* Reference side 0
Q 7 6.00000e+000 5.00000e+000 2.00000e+000 7.00000e+000 5.00000e+000 2.00000e+000 7.00000e+000 6.00000e+000 2.00000e+000 6.00000e+000 6.00000e+000 2.00000e+000
*
* Opposite reference side 0
Q 7 6.00000e+000 5.00000e+000 3.00000e+000 7.00000e+000 5.00000e+000 3.00000e+000 7.00000e+000 6.00000e+000 3.00000e+000 6.00000e+000 6.00000e+000 3.00000e+000
*
* Reference side 0
Q 7 7.00000e+000 5.00000e+000 2.00000e+000 8.00000e+000 5.00000e+000 2.00000e+000 8.00000e+000 6.00000e+000 2.00000e+000 7.00000e+000 6.00000e+000 2.00000e+000
*
* Opposite reference side 0
Q 7 7.00000e+000 5.00000e+000 3.00000e+000 8.00000e+000 5.00000e+000 3.00000e+000 8.00000e+000 6.00000e+000 3.00000e+000 7.00000e+000 6.00000e+000 3.00000e+000
*
* Reference side 0
Q 7 8.00000e+000 5.00000e+000 2.00000e+000 9.00000e+000 5.00000e+000 2.00000e+000 9.00000e+000 6.00000e+000 2.00000e+000 8.00000e+000 6.00000e+000 2.00000e+000
*
* Opposite reference side 0
Q 7 8.00000e+000 5.00000e+000 3.00000e+000 9.00000e+000 5.00000e+000 3.00000e+000 9.00000e+000 6.00000e+000 3.00000e+000 8.00000e+000 6.00000e+000 3.00000e+000
*
* Reference side 1
Q 7 0.00000e+000 5.00000e+000 3.00000e+000 1.00000e+000 5.00000e+000 3.00000e+000 1.00000e+000 5.00000e+000 2.00000e+000 0.00000e+000 5.00000e+000 2.00000e+000
*
* Opposite reference side 1
Q 7 0.00000e+000 6.00000e+000 3.00000e+000 1.00000e+000 6.00000e+000 3.00000e+000 1.00000e+000 6.00000e+000 2.00000e+000 0.00000e+000 6.00000e+000 2.00000e+000
*
* Reference side 1
Q 7 1.00000e+000 5.00000e+000 3.00000e+000 2.00000e+000 5.00000e+000 3.00000e+000 2.00000e+000 5.00000e+000 2.00000e+000 1.00000e+000 5.00000e+000 2.00000e+000
*
* Opposite reference side 1
Q 7 1.00000e+000 6.00000e+000 3.00000e+000 2.00000e+000 6.00000e+000 3.00000e+000 2.00000e+000 6.00000e+000 2.00000e+000 1.00000e+000 6.00000e+000 2.00000e+000
*
* Reference side 1
Q 7 2.00000e+000 5.00000e+000 3.00000e+000 3.00000e+000 5.00000e+000 3.00000e+000 3.00000e+000 5.00000e+000 2.00000e+000 2.00000e+000 5.00000e+000 2.00000e+000
*
* Opposite reference side 1
Q 7 2.00000e+000 6.00000e+000 3.00000e+000 3.00000e+000 6.00000e+000 3.00000e+000 3.00000e+000 6.00000e+000 2.00000e+000 2.00000e+000 6.00000e+000 2.00000e+000
*
* Reference side 1
Q 7 3.00000e+000 5.00000e+000 3.00000e+000 4.00000e+000 5.00000e+000 3.00000e+000 4.00000e+000 5.00000e+000 2.00000e+000 3.00000e+000 5.00000e+000 2.00000e+000
*
* Opposite reference side 1
Q 7 3.00000e+000 6.00000e+000 3.00000e+000 4.00000e+000 6.00000e+000 3.00000e+000 4.00000e+000 6.00000e+000 2.00000e+000 3.00000e+000 6.00000e+000 2.00000e+000
*
* Reference side 1
Q 7 4.00000e+000 5.00000e+000 3.00000e+000 5.00000e+000 5.00000e+000 3.00000e+000 5.00000e+000 5.00000e+000 2.00000e+000 4.00000e+000 5.00000e+000 2.00000e+000
*
* Opposite reference side 1
Q 7 4.00000e+000 6.00000e+000 3.00000e+000 5.00000e+000 6.00000e+000 3.00000e+000 5.00000e+000 6.00000e+000 2.00000e+000 4.00000e+000 6.00000e+000 2.00000e+000
*
* Reference side 1
Q 7 5.00000e+000 5.00000e+000 3.00000e+000 6.00000e+000 5.00000e+000 3.00000e+000 6.00000e+000 5.00000e+000 2.00000e+000 5.00000e+000 5.00000e+000 2.00000e+000
*
* Opposite reference side 1
Q 7 5.00000e+000 6.00000e+000 3.00000e+000 6.00000e+000 6.00000e+000 3.00000e+000 6.00000e+000 6.00000e+000 2.00000e+000 5.00000e+000 6.00000e+000 2.00000e+000
*
* Reference side 1
Q 7 6.00000e+000 5.00000e+000 3.00000e+000 7.00000e+000 5.00000e+000 3.00000e+000 7.00000e+000 5.00000e+000 2.00000e+000 6.00000e+000 5.00000e+000 2.00000e+000
*
* Opposite reference side 1
Q 7 6.00000e+000 6.00000e+000 3.00000e+000 7.00000e+000 6.00000e+000 3.00000e+000 7.00000e+000 6.00000e+000 2.00000e+000 6.00000e+000 6.00000e+000 2.00000e+000
*
* Reference side 1
Q 7 7.00000e+000 5.00000e+000 3.00000e+000 8.00000e+000 5.00000e+000 3.00000e+000 8.00000e+000 5.00000e+000 2.00000e+000 7.00000e+000 5.00000e+000 2.00000e+000
*
* Opposite reference side 1
Q 7 7.00000e+000 6.00000e+000 3.00000e+000 8.00000e+000 6.00000e+000 3.00000e+000 8.00000e+000 6.00000e+000 2.00000e+000 7.00000e+000 6.00000e+000 2.00000e+000
*
* Reference side 1
Q 7 8.00000e+000 5.00000e+000 3.00000e+000 9.00000e+000 5.00000e+000 3.00000e+000 9.00000e+000 5.00000e+000 2.00000e+000 8.00000e+000 5.00000e+000 2.00000e+000
*
* Opposite reference side 1
Q 7 8.00000e+000 6.00000e+000 3.00000e+000 9.00000e+000 6.00000e+000 3.00000e+000 9.00000e+000 6.00000e+000 2.00000e+000 8.00000e+000 6.00000e+000 2.00000e+000
*
* End faces
Q 7 0.00000e+000 6.00000e+000 3.00000e+000 0.00000e+000 6.00000e+000 2.00000e+000 0.00000e+000 5.00000e+000 2.00000e+000 0.00000e+000 5.00000e+000 3.00000e+000
*
Q 7 9.00000e+000 6.00000e+000 3.00000e+000 9.00000e+000 6.00000e+000 2.00000e+000 9.00000e+000 5.00000e+000 2.00000e+000 9.00000e+000 5.00000e+000 3.00000e+000
*
*
* Bar corners: (0 7 2) (0 8 2) (9 7 2) (0 7 3)
* Reference side 0
Q 8 0.00000e+000 7.00000e+000 2.00000e+000 1.00000e+000 7.00000e+000 2.00000e+000 1.00000e+000 8.00000e+000 2.00000e+000 0.00000e+000 8.00000e+000 2.00000e+000
*
* Opposite reference side 0
Q 8 0.00000e+000 7.00000e+000 3.00000e+000 1.00000e+000 7.00000e+000 3.00000e+000 1.00000e+000 8.00000e+000 3.00000e+000 0.00000e+000 8.00000e+000 3.00000e+000
*
* Reference side 0
Q 8 1.00000e+000 7.00000e+000 2.00000e+000 2.00000e+000 7.00000e+000 2.00000e+000 2.00000e+000 8.00000e+000 2.00000e+000 1.00000e+000 8.00000e+000 2.00000e+000
*
* Opposite reference side 0
Q 8 1.00000e+000 7.00000e+000 3.00000e+000 2.00000e+000 7.00000e+000 3.00000e+000 2.00000e+000 8.00000e+000 3.00000e+000 1.00000e+000 8.00000e+000 3.00000e+000
*
* Reference side 0
Q 8 2.00000e+000 7.00000e+000 2.00000e+000 3.00000e+000 7.00000e+000 2.00000e+000 3.00000e+000 8.00000e+000 2.00000e+000 2.00000e+000 8.00000e+000 2.00000e+000
*
* Opposite reference side 0
Q 8 2.00000e+000 7.00000e+000 3.00000e+000 3.00000e+000 7.00000e+000 3.00000e+000 3.00000e+000 8.00000e+000 3.00000e+000 2.00000e+000 8.00000e+000 3.00000e+000
*
* Reference side 0
Q 8 3.00000e+000 7.00000e+000 2.00000e+000 4.00000e+000 7.00000e+000 2.00000e+000 4.00000e+000 8.00000e+000 2.00000e+000 3.00000e+000 8.00000e+000 2.00000e+000
*
* Opposite reference side 0
Q 8 3.00000e+000 7.00000e+000 3.00000e+000 4.00000e+000 7.00000e+000 3.00000e+000 4.00000e+000 8.00000e+000 3.00000e+000 3.00000e+000 8.00000e+000 3.00000e+000
*
* Reference side 0
Q 8 4.00000e+000 7.00000e+000 2.00000e+000 5.00000e+000 7.00000e+000 2.00000e+000 5.00000e+000 8.00000e+000 2.00000e+000 4.00000e+000 8.00000e+000 2.00000e+000
*
* Opposite reference side 0
Q 8 4.00000e+000 7.00000e+000 3.00000e+000 5.00000e+000 7.00000e+000 3.00000e+000 5.00000e+000 8.00000e+000 3.00000e+000 4.00000e+000 8.00000e+000 3.00000e+000
*
* Reference side 0
Q 8 5.00000e+000 7.00000e+000 2.00000e+000 6.00000e+000 7.00000e+000 2.00000e+000 6.00000e+000 8.00000e+000 2.00000e+000 5.00000e+000 8.00000e+000 2.00000e+000
*
* Opposite reference side 0
Q 8 5.00000e+000 7.00000e+000 3.00000e+000 6.00000e+000 7.00000e+000 3.00000e+000 6.00000e+000 8.00000e+000 3.00000e+000 5.00000e+000 8.00000e+000 3.00000e+000
*
* Reference side 0
Q 8 6.00000e+000 7.00000e+000 2.00000e+000 7.00000e+000 7.00000e+000 2.00000e+000 7.00000e+000 8.00000e+000 2.00000e+000 6.00000e+000 8.00000e+000 2.00000e+000
*
* Opposite reference side 0
Q 8 6.00000e+000 7.00000e+000 3.00000e+000 7.00000e+000 7.00000e+000 3.00000e+000 7.00000e+000 8.00000e+000 3.00000e+000 6.00000e+000 8.00000e+000 3.00000e+000
*
* Reference side 0
Q 8 7.00000e+000 7.00000e+000 2.00000e+000 8.00000e+000 7.00000e+000 2.00000e+000 8.00000e+000 8.00000e+000 2.00000e+000 7.00000e+000 8.00000e+000 2.00000e+000
*
* Opposite reference side 0
Q 8 7.00000e+000 7.00000e+000 3.00000e+000 8.00000e+000 7.00000e+000 3.00000e+000 8.00000e+000 8.00000e+000 3.00000e+000 7.00000e+000 8.00000e+000 3.00000e+000
*
* Reference side 0
Q 8 8.00000e+000 7.00000e+000 2.00000e+000 9.00000e+000 7.00000e+000 2.00000e+000 9.00000e+000 8.00000e+000 2.00000e+000 8.00000e+000 8.00000e+000 2.00000e+000
*
* Opposite reference side 0
Q 8 8.00000e+000 7.00000e+000 3.00000e+000 9.00000e+000 7.00000e+000 3.00000e+000 9.00000e+000 8.00000e+000 3.00000e+000 8.00000e+000 8.00000e+000 3.00000e+000
*
* Reference side 1
Q 8 0.00000e+000 7.00000e+000 3.00000e+000 1.00000e+000 7.00000e+000 3.00000e+000 1.00000e+000 7.00000e+000 2.00000e+000 0.00000e+000 7.00000e+000 2.00000e+000
*
* Opposite reference side 1
Q 8 0.00000e+000 8.00000e+000 3.00000e+000 1.00000e+000 8.00000e+000 3.00000e+000 1.00000e+000 8.00000e+000 2.00000e+000 0.00000e+000 8.00000e+000 2.00000e+000
*
* Reference side 1
Q 8 1.00000e+000 7.00000e+000 3.00000e+000 2.00000e+000 7.00000e+000 3.00000e+000 2.00000e+000 7.00000e+000 2.00000e+000 1.00000e+000 7.00000e+000 2.00000e+000
*
* Opposite reference side 1
Q 8 1.00000e+000 8.00000e+000 3.00000e+000 2.00000e+000 8.00000e+000 3.00000e+000 2.00000e+000 8.00000e+000 2.00000e+000 1.00000e+000 8.00000e+000 2.00000e+000
*
* Reference side 1
Q 8 2.00000e+000 7.00000e+000 3.00000e+000 3.00000e+000 7.00000e+000 3.00000e+000 3.00000e+000 7.00000e+000 2.00000e+000 2.00000e+000 7.00000e+000 2.00000e+000
*
* Opposite reference side 1
Q 8 2.00000e+000 8.00000e+000 3.00000e+000 3.00000e+000 8.00000e+000 3.00000e+000 3.00000e+000 8.00000e+000 2.00000e+000 2.00000e+000 8.00000e+000 2.00000e+000
*
* Reference side 1
Q 8 3.00000e+000 7.00000e+000 3.00000e+000 4.00000e+000 7.00000e+000 3.00000e+000 4.00000e+000 7.00000e+000 2.00000e+000 3.00000e+000 7.00000e+000 2.00000e+000
*
* Opposite reference side 1
Q 8 3.00000e+000 8.00000e+000 3.00000e+000 4.00000e+000 8.00000e+000 3.00000e+000 4.00000e+000 8.00000e+000 2.00000e+000 3.00000e+000 8.00000e+000 2.00000e+000
*
* Reference side 1
Q 8 4.00000e+000 7.00000e+000 3.00000e+000 5.00000e+000 7.00000e+000 3.00000e+000 5.00000e+000 7.00000e+000 2.00000e+000 4.00000e+000 7.00000e+000 2.00000e+000
*
* Opposite reference side 1
Q 8 4.00000e+000 8.00000e+000 3.00000e+000 5.00000e+000 8.00000e+000 3.00000e+000 5.00000e+000 8.00000e+000 2.00000e+000 4.00000e+000 8.00000e+000 2.00000e+000
*
* Reference side 1
Q 8 5.00000e+000 7.00000e+000 3.00000e+000 6.00000e+000 7.00000e+000 3.00000e+000 6.00000e+000 7.00000e+000 2.00000e+000 5.00000e+000 7.00000e+000 2.00000e+000
*
* Opposite reference side 1
Q 8 5.00000e+000 8.00000e+000 3.00000e+000 6.00000e+000 8.00000e+000 3.00000e+000 6.00000e+000 8.00000e+000 2.00000e+000 5.00000e+000 8.00000e+000 2.00000e+000
*
* Reference side 1
Q 8 6.00000e+000 7.00000e+000 3.00000e+000 7.00000e+000 7.00000e+000 3.00000e+000 7.00000e+000 7.00000e+000 2.00000e+000 6.00000e+000 7.00000e+000 2.00000e+000
*
* Opposite reference side 1
Q 8 6.00000e+000 8.00000e+000 3.00000e+000 7.00000e+000 8.00000e+000 3.00000e+000 7.00000e+000 8.00000e+000 2.00000e+000 6.00000e+000 8.00000e+000 2.00000e+000
*
* Reference side 1
Q 8 7.00000e+000 7.00000e+000 3.00000e+000 8.00000e+000 7.00000e+000 3.00000e+000 8.00000e+000 7.00000e+000 2.00000e+000 7.00000e+000 7.00000e+000 2.00000e+000
*
* Opposite reference side 1
Q 8 7.00000e+000 8.00000e+000 3.00000e+000 8.00000e+000 8.00000e+000 3.00000e+000 8.00000e+000 8.00000e+000 2.00000e+000 7.00000e+000 8.00000e+000 2.00000e+000
*
* Reference side 1
Q 8 8.00000e+000 7.00000e+000 3.00000e+000 9.00000e+000 7.00000e+000 3.00000e+000 9.00000e+000 7.00000e+000 2.00000e+000 8.00000e+000 7.00000e+000 2.00000e+000
*
* Opposite reference side 1
Q 8 8.00000e+000 8.00000e+000 3.00000e+000 9.00000e+000 8.00000e+000 3.00000e+000 9.00000e+000 8.00000e+000 2.00000e+000 8.00000e+000 8.00000e+000 2.00000e+000
*
* End faces
Q 8 0.00000e+000 8.00000e+000 3.00000e+000 0.00000e+000 8.00000e+000 2.00000e+000 0.00000e+000 7.00000e+000 2.00000e+000 0.00000e+000 7.00000e+000 3.00000e+000
*
Q 8 9.00000e+000 8.00000e+000 3.00000e+000 9.00000e+000 8.00000e+000 2.00000e+000 9.00000e+000 7.00000e+000 2.00000e+000 9.00000e+000 7.00000e+000 3.00000e+000
*

N 1 T1
N 2 T2
N 3 T3
N 4 T4
N 5 B1
N 6 B2
N 7 B3
N 8 B4


