0 1mX1mX0.2m cube (nx=5 ny=5 nz=1 e=1)
* xo = 0, yo = 0, zo = 0
* top panel omitted
* bottom panel omitted
* view from -x, -y, +z
* front left
Q 1 1.00000e+000 1.00000e+000 0.00000e+000  1.00000e+000 8.00000e-001 0.00000e+000 1.00000e+000 8.00000e-001 2.00000e-001  1.00000e+000 1.00000e+000 2.00000e-001
Q 1 1.00000e+000 8.00000e-001 0.00000e+000  1.00000e+000 6.00000e-001 0.00000e+000 1.00000e+000 6.00000e-001 2.00000e-001  1.00000e+000 8.00000e-001 2.00000e-001
Q 1 1.00000e+000 6.00000e-001 0.00000e+000  1.00000e+000 4.00000e-001 0.00000e+000 1.00000e+000 4.00000e-001 2.00000e-001  1.00000e+000 6.00000e-001 2.00000e-001
Q 1 1.00000e+000 4.00000e-001 0.00000e+000  1.00000e+000 2.00000e-001 0.00000e+000 1.00000e+000 2.00000e-001 2.00000e-001  1.00000e+000 4.00000e-001 2.00000e-001
Q 1 1.00000e+000 2.00000e-001 0.00000e+000  1.00000e+000 5.55112e-017 0.00000e+000 1.00000e+000 5.55112e-017 2.00000e-001  1.00000e+000 2.00000e-001 2.00000e-001
* front right
Q 1 0.00000e+000 1.00000e+000 0.00000e+000  2.00000e-001 1.00000e+000 0.00000e+000 2.00000e-001 1.00000e+000 2.00000e-001  0.00000e+000 1.00000e+000 2.00000e-001
Q 1 2.00000e-001 1.00000e+000 0.00000e+000  4.00000e-001 1.00000e+000 0.00000e+000 4.00000e-001 1.00000e+000 2.00000e-001  2.00000e-001 1.00000e+000 2.00000e-001
Q 1 4.00000e-001 1.00000e+000 0.00000e+000  6.00000e-001 1.00000e+000 0.00000e+000 6.00000e-001 1.00000e+000 2.00000e-001  4.00000e-001 1.00000e+000 2.00000e-001
Q 1 6.00000e-001 1.00000e+000 0.00000e+000  8.00000e-001 1.00000e+000 0.00000e+000 8.00000e-001 1.00000e+000 2.00000e-001  6.00000e-001 1.00000e+000 2.00000e-001
Q 1 8.00000e-001 1.00000e+000 0.00000e+000  1.00000e+000 1.00000e+000 0.00000e+000 1.00000e+000 1.00000e+000 2.00000e-001  8.00000e-001 1.00000e+000 2.00000e-001
* back left
Q 1 1.00000e+000 0.00000e+000 0.00000e+000  8.00000e-001 0.00000e+000 0.00000e+000 8.00000e-001 0.00000e+000 2.00000e-001  1.00000e+000 0.00000e+000 2.00000e-001
Q 1 8.00000e-001 0.00000e+000 0.00000e+000  6.00000e-001 0.00000e+000 0.00000e+000 6.00000e-001 0.00000e+000 2.00000e-001  8.00000e-001 0.00000e+000 2.00000e-001
Q 1 6.00000e-001 0.00000e+000 0.00000e+000  4.00000e-001 0.00000e+000 0.00000e+000 4.00000e-001 0.00000e+000 2.00000e-001  6.00000e-001 0.00000e+000 2.00000e-001
Q 1 4.00000e-001 0.00000e+000 0.00000e+000  2.00000e-001 0.00000e+000 0.00000e+000 2.00000e-001 0.00000e+000 2.00000e-001  4.00000e-001 0.00000e+000 2.00000e-001
Q 1 2.00000e-001 0.00000e+000 0.00000e+000  5.55112e-017 0.00000e+000 0.00000e+000 5.55112e-017 0.00000e+000 2.00000e-001  2.00000e-001 0.00000e+000 2.00000e-001
* back right
Q 1 0.00000e+000 0.00000e+000 0.00000e+000  0.00000e+000 2.00000e-001 0.00000e+000 0.00000e+000 2.00000e-001 2.00000e-001  0.00000e+000 0.00000e+000 2.00000e-001
Q 1 0.00000e+000 2.00000e-001 0.00000e+000  0.00000e+000 4.00000e-001 0.00000e+000 0.00000e+000 4.00000e-001 2.00000e-001  0.00000e+000 2.00000e-001 2.00000e-001
Q 1 0.00000e+000 4.00000e-001 0.00000e+000  0.00000e+000 6.00000e-001 0.00000e+000 0.00000e+000 6.00000e-001 2.00000e-001  0.00000e+000 4.00000e-001 2.00000e-001
Q 1 0.00000e+000 6.00000e-001 0.00000e+000  0.00000e+000 8.00000e-001 0.00000e+000 0.00000e+000 8.00000e-001 2.00000e-001  0.00000e+000 6.00000e-001 2.00000e-001
Q 1 0.00000e+000 8.00000e-001 0.00000e+000  0.00000e+000 1.00000e+000 0.00000e+000 0.00000e+000 1.00000e+000 2.00000e-001  0.00000e+000 8.00000e-001 2.00000e-001
