0 conductor definition file for mesh 'combl'

T combl  3.0 52.0 0.0  6.0 49.0 0.0  3.0 49.0 0.0
T combl  3.0 49.0 0.0  6.0 46.0 0.0  3.0 46.0 0.0
T combl  0.0 5.0 0.0  3.0 5.0 0.0  0.0 0.0 0.0
T combl  3.0 46.0 0.0  6.0 43.0 0.0  3.0 43.0 0.0
T combl  3.0 39.9500007629 0.0  3.0 43.0 0.0  6.0 39.9500007629 0.0
T combl  6.0 36.2999992371 0.0  3.0 36.2999992371 0.0  6.0 39.9500007629 0.0
T combl  6.0 33.0499992371 0.0  3.0 33.0499992371 0.0  6.0 36.2999992371 0.0
T combl  3.0 33.0499992371 0.0  6.0 30.0499992371 0.0  3.0 30.0499992371 0.0
T combl  3.0 30.0499992371 0.0  6.0 27.0 0.0  3.0 27.0 0.0
T combl  3.0 24.0 0.0  3.0 27.0 0.0  6.0 24.0 0.0
T combl  3.0 24.0 0.0  6.0 21.0 0.0  3.0 21.0 0.0
T combl  3.0 21.0 0.0  6.0 18.0 0.0  3.0 18.0 0.0
T combl  21.0 18.0 0.0  24.0 18.0 0.0  21.0 14.9499998093 0.0
T combl  6.0 14.9499998093 0.0  3.0 14.9499998093 0.0  6.0 18.0 0.0
T combl  12.0 52.0 0.0  15.0 49.0 0.0  12.0 49.0 0.0
T combl  57.0 43.0 0.0  60.0 40.0 0.0  57.0 39.9500007629 0.0
T combl  30.0 39.9500007629 0.0  30.0 43.0 0.0  33.0 39.9500007629 0.0
T combl  3.0 14.9499998093 0.0  6.0 14.9499998093 0.0  3.0 11.1499996185 0.0
T combl  57.0 18.0 0.0  60.0 15.0 0.0  57.0 14.9499998093 0.0
T combl  6.0 8.05000019073 0.0  3.0 8.05000019073 0.0  6.0 11.1499996185 0.0
T combl  3.0 5.0 0.0  3.0 8.05000019073 0.0  6.0 5.0 0.0
T combl  6.0 8.05000019073 0.0  6.0 5.0 0.0  3.0 8.05000019073 0.0
T combl  42.0 36.2999992371 0.0  39.0 36.2999992371 0.0  42.0 39.9500007629 0.0
T combl  84.0 14.9499998093 0.0  87.0 14.9499998093 0.0  84.0 11.1499996185 0.0
T combl  84.0 11.1499996185 0.0  87.0 11.1499996185 0.0  84.0 8.05000019073 0.0
T combl  87.0 55.0 0.0  87.0 52.0 0.0  84.0 52.0 0.0
T combl  84.0 52.0 0.0  87.0 52.0 0.0  87.0 49.0 0.0
T combl  87.0 43.0 0.0  87.0 39.9500007629 0.0  84.0 43.0 0.0
T combl  84.0 24.0 0.0  87.0 27.0 0.0  87.0 24.0 0.0
T combl  60.0 52.0 0.0  57.0 52.0 0.0  60.0 55.0 0.0
T combl  84.0 39.9500007629 0.0  87.0 39.9500007629 0.0  87.0 36.2999992371 0.0
T combl  84.0 24.0 0.0  87.0 24.0 0.0  87.0 21.0 0.0
T combl  78.0 5.0 0.0  80.9787139893 2.62360739708 0.0  77.0157089233 2.58170676231 0.0
T combl  39.0 36.2999992371 0.0  42.0 36.2999992371 0.0  39.0 33.0499992371 0.0
T combl  87.0 46.0 0.0  84.0 49.0 0.0  87.0 49.0 0.0
T combl  66.0 36.2999992371 0.0  69.0 36.2999992371 0.0  66.0 33.0499992371 0.0
T combl  87.0 43.0 0.0  84.0 46.0 0.0  87.0 46.0 0.0
T combl  51.0 5.0 0.0  52.302822113 2.40348672867 0.0  49.8014984131 0.0 0.0
T combl  30.0 18.0 0.0  33.0 18.0 0.0  30.0 14.9499998093 0.0
T combl  44.7929992676 0.0 0.0  42.0 5.0 0.0  45.3120002747 5.0 0.0
T combl  84.0 36.2999992371 0.0  87.0 36.2999992371 0.0  84.0 33.0499992371 0.0
T combl  87.0 30.0 0.0  84.0 30.0499992371 0.0  87.0 33.0499992371 0.0
T combl  60.0 5.0 0.0  57.0 8.05000019073 0.0  60.0 8.05000019073 0.0
T combl  30.0 8.05000019073 0.0  33.0 8.05000019073 0.0  30.0 5.0 0.0
T combl  87.0 27.0 0.0  84.0 27.0 0.0  87.0 30.0 0.0
T combl  87.0 18.0 0.0  84.0 21.0 0.0  87.0 21.0 0.0
T combl  60.0 30.0 0.0  57.0 30.0499992371 0.0  60.0 33.0499992371 0.0
T combl  33.0 33.0499992371 0.0  30.0 33.0499992371 0.0  33.0 36.2999992371 0.0
T combl  84.0 18.0 0.0  87.0 18.0 0.0  84.0 14.9499998093 0.0
T combl  87.0 5.0 0.0  84.0 8.05000019073 0.0  87.0 8.05000019073 0.0
T combl  84.0 55.0 0.0  87.0 55.0 0.0  84.0 52.0 0.0
T combl  33.0 30.0499992371 0.0  30.0 33.0499992371 0.0  33.0 33.0499992371 0.0
T combl  84.0 52.0 0.0  87.0 49.0 0.0  84.0 49.0 0.0
T combl  84.0 49.0 0.0  87.0 46.0 0.0  84.0 46.0 0.0
T combl  84.0 46.0 0.0  87.0 43.0 0.0  84.0 43.0 0.0
T combl  84.0 39.9500007629 0.0  84.0 43.0 0.0  87.0 39.9500007629 0.0
T combl  84.0 39.9500007629 0.0  87.0 36.2999992371 0.0  84.0 36.2999992371 0.0
T combl  87.0 33.0499992371 0.0  84.0 33.0499992371 0.0  87.0 36.2999992371 0.0
T combl  78.0 11.1499996185 0.0  75.0 11.1499996185 0.0  78.0 14.9499998093 0.0
T combl  39.0 46.0 0.0  42.0 43.0 0.0  39.0 43.0 0.0
T combl  84.0 33.0499992371 0.0  87.0 33.0499992371 0.0  84.0 30.0499992371 0.0
T combl  84.0 30.0499992371 0.0  87.0 30.0 0.0  84.0 27.0 0.0
T combl  66.0 46.0 0.0  69.0 43.0 0.0  66.0 43.0 0.0
T combl  12.0 5.0 0.0  10.0170001984 0.0 0.0  6.0 5.0 0.0
T combl  84.0 27.0 0.0  87.0 27.0 0.0  84.0 24.0 0.0
T combl  66.0 52.0 0.0  69.0 49.0 0.0  66.0 49.0 0.0
T combl  33.0 27.0 0.0  30.0 30.0499992371 0.0  33.0 30.0499992371 0.0
T combl  24.0 43.0 0.0  24.0 39.9500007629 0.0  21.0 43.0 0.0
T combl  79.5690002441 0.0 0.0  80.9787139893 2.62360739708 0.0  84.5774993896 0.0 0.0
T combl  84.0 24.0 0.0  87.0 21.0 0.0  84.0 21.0 0.0
T combl  84.0 21.0 0.0  87.0 18.0 0.0  84.0 18.0 0.0
T combl  87.0 14.9499998093 0.0  84.0 14.9499998093 0.0  87.0 18.0 0.0
T combl  87.0 11.1499996185 0.0  84.0 11.1499996185 0.0  87.0 14.9499998093 0.0
T combl  57.0 24.0 0.0  60.0 21.0 0.0  57.0 21.0 0.0
T combl  87.0 8.05000019073 0.0  84.0 8.05000019073 0.0  87.0 11.1499996185 0.0
T combl  84.0 8.05000019073 0.0  87.0 5.0 0.0  84.0 5.0 0.0
T combl  75.0 14.9499998093 0.0  78.0 14.9499998093 0.0  75.0 11.1499996185 0.0
T combl  75.0 11.1499996185 0.0  78.0 11.1499996185 0.0  75.0 8.05000019073 0.0
T combl  78.0 55.0 0.0  78.0 52.0 0.0  75.0 52.0 0.0
T combl  66.0 18.0 0.0  69.0 18.0 0.0  66.0 14.9499998093 0.0
T combl  66.0 14.9499998093 0.0  69.0 14.9499998093 0.0  66.0 11.1499996185 0.0
T combl  75.0 52.0 0.0  78.0 52.0 0.0  78.0 49.0 0.0
T combl  53.736000061 5.0 0.0  52.302822113 2.40348672867 0.0  51.0 5.0 0.0
T combl  78.0 43.0 0.0  78.0 39.9500007629 0.0  75.0 43.0 0.0
T combl  75.0 24.0 0.0  78.0 27.0 0.0  78.0 24.0 0.0
T combl  75.0 39.9500007629 0.0  78.0 39.9500007629 0.0  78.0 36.2999992371 0.0
T combl  75.0 24.0 0.0  78.0 24.0 0.0  78.0 21.0 0.0
T combl  78.0 46.0 0.0  75.0 49.0 0.0  78.0 49.0 0.0
T combl  78.0 43.0 0.0  75.0 46.0 0.0  78.0 46.0 0.0
T combl  75.0 36.2999992371 0.0  78.0 36.2999992371 0.0  75.0 33.0499992371 0.0
T combl  78.0 30.0 0.0  75.0 30.0499992371 0.0  78.0 33.0499992371 0.0
T combl  78.0 27.0 0.0  75.0 27.0 0.0  78.0 30.0 0.0
T combl  78.0 18.0 0.0  75.0 21.0 0.0  78.0 21.0 0.0
T combl  75.0 18.0 0.0  78.0 18.0 0.0  75.0 14.9499998093 0.0
T combl  78.0 5.0 0.0  75.0 8.05000019073 0.0  78.0 8.05000019073 0.0
T combl  75.0 5.0 0.0  77.0157089233 2.58170676231 0.0  74.2125091553 3.01656937599 0.0
T combl  57.0 39.9500007629 0.0  60.0 36.2999992371 0.0  57.0 36.2999992371 0.0
T combl  39.0 18.0 0.0  42.0 18.0 0.0  39.0 14.9499998093 0.0
T combl  75.0 55.0 0.0  78.0 55.0 0.0  75.0 52.0 0.0
T combl  75.0 52.0 0.0  78.0 49.0 0.0  75.0 49.0 0.0
T combl  75.0 49.0 0.0  78.0 46.0 0.0  75.0 46.0 0.0
T combl  75.0 46.0 0.0  78.0 43.0 0.0  75.0 43.0 0.0
T combl  57.0 49.0 0.0  60.0 46.0 0.0  57.0 46.0 0.0
T combl  75.0 39.9500007629 0.0  75.0 43.0 0.0  78.0 39.9500007629 0.0
T combl  75.0 39.9500007629 0.0  78.0 36.2999992371 0.0  75.0 36.2999992371 0.0
T combl  78.0 33.0499992371 0.0  75.0 33.0499992371 0.0  78.0 36.2999992371 0.0
T combl  5.00850009918 0.0 0.0  3.0 5.0 0.0  6.0 5.0 0.0
T combl  48.0 21.0 0.0  51.0 18.0 0.0  48.0 18.0 0.0
T combl  75.0 33.0499992371 0.0  78.0 33.0499992371 0.0  75.0 30.0499992371 0.0
T combl  75.0 30.0499992371 0.0  78.0 30.0 0.0  75.0 27.0 0.0
T combl  75.0 27.0 0.0  78.0 27.0 0.0  75.0 24.0 0.0
T combl  44.7929992676 0.0 0.0  45.3120002747 5.0 0.0  48.0 5.0 0.0
T combl  15.0 30.0499992371 0.0  12.0 33.0499992371 0.0  15.0 33.0499992371 0.0
T combl  75.0 24.0 0.0  78.0 21.0 0.0  75.0 21.0 0.0
T combl  21.0 11.1499996185 0.0  24.0 11.1499996185 0.0  21.0 8.05000019073 0.0
T combl  74.2125091553 3.01656937599 0.0  71.58253479 2.23883461952 0.0  72.1259994507 5.0 0.0
T combl  48.0 39.9500007629 0.0  51.0 39.9500007629 0.0  48.0 36.2999992371 0.0
T combl  24.0 55.0 0.0  24.0 52.0 0.0  21.0 52.0 0.0
T combl  66.0 5.0 0.0  69.6464996338 0.0 0.0  64.6380004883 0.0 0.0
T combl  48.0 52.0 0.0  51.0 49.0 0.0  48.0 49.0 0.0
T combl  48.0 39.9500007629 0.0  48.0 43.0 0.0  51.0 39.9500007629 0.0
T combl  39.0 39.9500007629 0.0  42.0 39.9500007629 0.0  39.0 36.2999992371 0.0
T combl  24.0 8.05000019073 0.0  21.0 8.05000019073 0.0  24.0 11.1499996185 0.0
T combl  48.0 18.0 0.0  51.0 18.0 0.0  48.0 14.9499998093 0.0
T combl  24.0 33.0499992371 0.0  21.0 33.0499992371 0.0  24.0 36.2999992371 0.0
T combl  24.0 14.9499998093 0.0  24.0 11.1499996185 0.0  21.0 14.9499998093 0.0
T combl  48.0 46.0 0.0  51.0 43.0 0.0  48.0 43.0 0.0
T combl  69.0 11.1499996185 0.0  66.0 11.1499996185 0.0  69.0 14.9499998093 0.0
T combl  48.0 8.05000019073 0.0  51.0 5.0 0.0  48.0 5.0 0.0
T combl  42.0 43.0 0.0  39.0 46.0 0.0  42.0 46.0 0.0
T combl  24.0 14.9499998093 0.0  21.0 14.9499998093 0.0  24.0 18.0 0.0
T combl  75.0 8.05000019073 0.0  78.0 5.0 0.0  75.0 5.0 0.0
T combl  66.0 21.0 0.0  69.0 18.0 0.0  66.0 18.0 0.0
T combl  12.0 49.0 0.0  15.0 46.0 0.0  12.0 46.0 0.0
T combl  66.0 8.05000019073 0.0  69.0 5.0 0.0  66.0 5.0 0.0
T combl  66.0 27.0 0.0  69.0 27.0 0.0  66.0 24.0 0.0
T combl  69.0 18.0 0.0  66.0 21.0 0.0  69.0 21.0 0.0
T combl  69.0 43.0 0.0  69.0 39.9500007629 0.0  66.0 43.0 0.0
T combl  15.0 55.0 0.0  15.0 52.0 0.0  12.0 52.0 0.0
T combl  39.0 5.0 0.0  42.0 5.0 0.0  39.8790016174 0.0 0.0
T combl  69.0 43.0 0.0  66.0 46.0 0.0  69.0 46.0 0.0
T combl  60.0 43.0 0.0  57.0 46.0 0.0  60.0 46.0 0.0
T combl  66.0 39.9500007629 0.0  66.0 43.0 0.0  69.0 39.9500007629 0.0
T combl  21.0 5.0 0.0  19.9395008087 0.0 0.0  15.0 5.0 0.0
T combl  39.0 24.0 0.0  42.0 21.0 0.0  39.0 21.0 0.0
T combl  21.0 36.2999992371 0.0  24.0 36.2999992371 0.0  21.0 33.0499992371 0.0
T combl  21.0 46.0 0.0  24.0 43.0 0.0  21.0 43.0 0.0
T combl  57.0 36.2999992371 0.0  60.0 36.2999992371 0.0  57.0 33.0499992371 0.0
T combl  42.0 43.0 0.0  42.0 39.9500007629 0.0  39.0 43.0 0.0
T combl  84.0 5.0 0.0  80.9787139893 2.62360739708 0.0  78.0 5.0 0.0
T combl  30.0 24.0 0.0  33.0 21.0 0.0  30.0 21.0 0.0
T combl  30.0 46.0 0.0  33.0 43.0 0.0  30.0 43.0 0.0
T combl  60.0 33.0499992371 0.0  57.0 33.0499992371 0.0  60.0 36.2999992371 0.0
T combl  57.0 27.0 0.0  60.0 27.0 0.0  57.0 24.0 0.0
T combl  51.0 27.0 0.0  48.0 30.0499992371 0.0  51.0 30.0499992371 0.0
T combl  30.0 5.0 0.0  33.0 8.05000019073 0.0  33.0 5.0 0.0
T combl  51.0 30.0499992371 0.0  48.0 33.0499992371 0.0  51.0 33.0499992371 0.0
T combl  30.0 55.0 0.0  33.0 55.0 0.0  30.0 52.0 0.0
T combl  51.0 14.9499998093 0.0  48.0 14.9499998093 0.0  51.0 18.0 0.0
T combl  39.0 30.0499992371 0.0  42.0 27.0 0.0  39.0 27.0 0.0
T combl  21.0 21.0 0.0  24.0 21.0 0.0  24.0 18.0 0.0
T combl  24.9479999542 0.0 0.0  26.8799991608 5.0 0.0  29.9564990997 0.0 0.0
T combl  15.0 27.0 0.0  15.0 24.0 0.0  12.0 27.0 0.0
T combl  78.0 5.0 0.0  77.0157089233 2.58170676231 0.0  75.0 5.0 0.0
T combl  12.0 55.0 0.0  15.0 55.0 0.0  12.0 52.0 0.0
T combl  30.0 30.0499992371 0.0  33.0 27.0 0.0  30.0 27.0 0.0
T combl  39.0 24.0 0.0  42.0 24.0 0.0  42.0 21.0 0.0
T combl  57.0 8.05000019073 0.0  60.0 5.0 0.0  57.0 5.0 0.0
T combl  57.0 24.0 0.0  60.0 27.0 0.0  60.0 24.0 0.0
T combl  21.0 33.0499992371 0.0  24.0 30.0499992371 0.0  21.0 30.0 0.0
T combl  29.9564990997 0.0 0.0  33.0 5.0 0.0  34.8704986572 0.0 0.0
T combl  30.0 52.0 0.0  33.0 49.0 0.0  30.0 49.0 0.0
T combl  51.0 11.1499996185 0.0  48.0 11.1499996185 0.0  51.0 14.9499998093 0.0
T combl  60.0 36.2999992371 0.0  57.0 39.9500007629 0.0  60.0 40.0 0.0
T combl  57.0 46.0 0.0  60.0 43.0 0.0  57.0 43.0 0.0
T combl  51.0 27.0 0.0  51.0 24.0 0.0  48.0 27.0 0.0
T combl  48.0 49.0 0.0  51.0 46.0 0.0  48.0 46.0 0.0
T combl  57.0 55.0 0.0  60.0 55.0 0.0  57.0 52.0 0.0
T combl  3.0 21.0 0.0  6.0 21.0 0.0  6.0 18.0 0.0
T combl  57.0 14.9499998093 0.0  60.0 11.1499996185 0.0  57.0 11.1499996185 0.0
T combl  48.0 30.0499992371 0.0  51.0 27.0 0.0  48.0 27.0 0.0
T combl  48.0 24.0 0.0  48.0 27.0 0.0  51.0 24.0 0.0
T combl  77.0157089233 2.58170676231 0.0  80.9787139893 2.62360739708 0.0  79.5690002441 0.0 0.0
T combl  3.0 18.0 0.0  6.0 18.0 0.0  3.0 14.9499998093 0.0
T combl  24.0 36.2999992371 0.0  21.0 36.2999992371 0.0  24.0 39.9500007629 0.0
T combl  6.0 27.0 0.0  3.0 30.0499992371 0.0  6.0 30.0499992371 0.0
T combl  60.0 8.05000019073 0.0  57.0 8.05000019073 0.0  60.0 11.1499996185 0.0
T combl  6.0 43.0 0.0  3.0 46.0 0.0  6.0 46.0 0.0
T combl  30.0 49.0 0.0  33.0 46.0 0.0  30.0 46.0 0.0
T combl  57.0 33.0499992371 0.0  60.0 33.0499992371 0.0  57.0 30.0499992371 0.0
T combl  39.0 24.0 0.0  39.0 27.0 0.0  42.0 24.0 0.0
T combl  6.0 27.0 0.0  6.0 24.0 0.0  3.0 27.0 0.0
T combl  6.0 46.0 0.0  3.0 49.0 0.0  6.0 49.0 0.0
T combl  6.0 14.9499998093 0.0  6.0 11.1499996185 0.0  3.0 11.1499996185 0.0
T combl  6.0 30.0499992371 0.0  3.0 33.0499992371 0.0  6.0 33.0499992371 0.0
T combl  69.0 30.0 0.0  66.0 30.0499992371 0.0  69.0 33.0499992371 0.0
T combl  57.0 52.0 0.0  60.0 52.0 0.0  60.0 49.0 0.0
T combl  29.9564990997 0.0 0.0  26.8799991608 5.0 0.0  30.0 5.0 0.0
T combl  21.0 24.0 0.0  24.0 21.0 0.0  21.0 21.0 0.0
T combl  3.0 36.2999992371 0.0  6.0 36.2999992371 0.0  3.0 33.0499992371 0.0
T combl  66.0 39.9500007629 0.0  69.0 36.2999992371 0.0  66.0 36.2999992371 0.0
T combl  48.0 52.0 0.0  51.0 52.0 0.0  51.0 49.0 0.0
T combl  69.0 5.0 0.0  71.58253479 2.23883461952 0.0  69.6464996338 0.0 0.0
T combl  3.0 24.0 0.0  6.0 24.0 0.0  6.0 21.0 0.0
T combl  66.0 5.0 0.0  64.6380004883 0.0 0.0  60.0 5.0 0.0
T combl  66.0 24.0 0.0  69.0 27.0 0.0  69.0 24.0 0.0
T combl  69.0 46.0 0.0  66.0 49.0 0.0  69.0 49.0 0.0
T combl  3.0 39.9500007629 0.0  6.0 39.9500007629 0.0  3.0 36.2999992371 0.0
T combl  6.0 43.0 0.0  6.0 39.9500007629 0.0  3.0 43.0 0.0
T combl  3.0 11.1499996185 0.0  6.0 11.1499996185 0.0  3.0 8.05000019073 0.0
T combl  48.0 24.0 0.0  51.0 21.0 0.0  48.0 21.0 0.0
T combl  39.0 52.0 0.0  42.0 52.0 0.0  42.0 49.0 0.0
T combl  5.00850009918 0.0 0.0  0.0 0.0 0.0  3.0 5.0 0.0
T combl  66.0 11.1499996185 0.0  69.0 11.1499996185 0.0  66.0 8.05000019073 0.0
T combl  21.0 49.0 0.0  24.0 46.0 0.0  21.0 46.0 0.0
T combl  48.0 36.2999992371 0.0  51.0 36.2999992371 0.0  48.0 33.0499992371 0.0
T combl  42.0 14.9499998093 0.0  42.0 11.1499996185 0.0  39.0 11.1499996185 0.0
T combl  6.0 55.0 0.0  6.0 52.0 0.0  3.0 55.0 0.0
T combl  3.0 52.0 0.0  6.0 52.0 0.0  6.0 49.0 0.0
T combl  15.0 14.9499998093 0.0  15.0 11.1499996185 0.0  12.0 11.1499996185 0.0
T combl  12.0 5.0 0.0  15.0 8.05000019073 0.0  15.0 5.0 0.0
T combl  57.0 30.0499992371 0.0  60.0 30.0 0.0  57.0 27.0 0.0
T combl  12.0 8.05000019073 0.0  15.0 8.05000019073 0.0  12.0 5.0 0.0
T combl  66.0 24.0 0.0  69.0 24.0 0.0  69.0 21.0 0.0
T combl  21.0 39.9500007629 0.0  21.0 43.0 0.0  24.0 39.9500007629 0.0
T combl  15.0 11.1499996185 0.0  15.0 8.05000019073 0.0  12.0 11.1499996185 0.0
T combl  12.0 14.9499998093 0.0  15.0 14.9499998093 0.0  12.0 11.1499996185 0.0
T combl  12.0 18.0 0.0  15.0 14.9499998093 0.0  12.0 14.9499998093 0.0
T combl  39.0 39.9500007629 0.0  39.0 43.0 0.0  42.0 39.9500007629 0.0
T combl  30.0 33.0499992371 0.0  33.0 30.0499992371 0.0  30.0 30.0499992371 0.0
T combl  21.0 39.9500007629 0.0  24.0 39.9500007629 0.0  21.0 36.2999992371 0.0
T combl  60.0 15.0 0.0  57.0 18.0 0.0  60.0 18.0 0.0
T combl  69.0 33.0499992371 0.0  66.0 33.0499992371 0.0  69.0 36.2999992371 0.0
T combl  21.0 8.05000019073 0.0  24.0 8.05000019073 0.0  21.0 5.0 0.0
T combl  51.0 5.0 0.0  48.0 8.05000019073 0.0  51.0 8.05000019073 0.0
T combl  21.0 30.0 0.0  24.0 27.0 0.0  21.0 27.0 0.0
T combl  59.7239990234 0.0 0.0  60.0 5.0 0.0  64.6380004883 0.0 0.0
T combl  72.1259994507 5.0 0.0  71.58253479 2.23883461952 0.0  69.0 5.0 0.0
T combl  21.0 55.0 0.0  24.0 55.0 0.0  21.0 52.0 0.0
T combl  87.0 5.0 0.0  84.5774993896 0.0 0.0  84.0 5.0 0.0
T combl  39.0 11.1499996185 0.0  42.0 11.1499996185 0.0  39.0 8.05000019073 0.0
T combl  12.0 24.0 0.0  15.0 24.0 0.0  15.0 21.0 0.0
T combl  30.0 21.0 0.0  33.0 18.0 0.0  30.0 18.0 0.0
T combl  94.5 5.0 0.0  94.5 0.0 0.0  90.4424972534 5.0 0.0
T combl  69.0 55.0 0.0  69.0 52.0 0.0  66.0 52.0 0.0
T combl  51.0 33.0499992371 0.0  48.0 33.0499992371 0.0  51.0 36.2999992371 0.0
T combl  21.0 21.0 0.0  24.0 18.0 0.0  21.0 18.0 0.0
T combl  44.7929992676 0.0 0.0  48.0 5.0 0.0  49.8014984131 0.0 0.0
T combl  39.0 14.9499998093 0.0  42.0 14.9499998093 0.0  39.0 11.1499996185 0.0
T combl  57.0 5.0 0.0  54.7154998779 0.0 0.0  53.736000061 5.0 0.0
T combl  78.0 14.9499998093 0.0  75.0 14.9499998093 0.0  78.0 18.0 0.0
T combl  60.0 40.0 0.0  57.0 43.0 0.0  60.0 43.0 0.0
T combl  54.7154998779 0.0 0.0  52.302822113 2.40348672867 0.0  53.736000061 5.0 0.0
T combl  12.0 21.0 0.0  15.0 18.0 0.0  12.0 18.0 0.0
T combl  15.0 14.9499998093 0.0  12.0 18.0 0.0  15.0 18.0 0.0
T combl  90.4424972534 5.0 0.0  89.5859985352 0.0 0.0  87.0 5.0 0.0
T combl  12.0 39.9500007629 0.0  15.0 39.9500007629 0.0  12.0 36.2999992371 0.0
T combl  12.0 21.0 0.0  15.0 21.0 0.0  15.0 18.0 0.0
T combl  51.0 43.0 0.0  48.0 46.0 0.0  51.0 46.0 0.0
T combl  69.0 8.05000019073 0.0  66.0 8.05000019073 0.0  69.0 11.1499996185 0.0
T combl  15.0 43.0 0.0  15.0 39.9500007629 0.0  12.0 43.0 0.0
T combl  57.0 24.0 0.0  60.0 24.0 0.0  60.0 21.0 0.0
T combl  30.0 21.0 0.0  33.0 21.0 0.0  33.0 18.0 0.0
T combl  15.0 36.2999992371 0.0  12.0 36.2999992371 0.0  15.0 39.9500007629 0.0
T combl  51.0 18.0 0.0  48.0 21.0 0.0  51.0 21.0 0.0
T combl  15.0 33.0499992371 0.0  12.0 33.0499992371 0.0  15.0 36.2999992371 0.0
T combl  12.0 33.0499992371 0.0  15.0 30.0499992371 0.0  12.0 30.0499992371 0.0
T combl  12.0 30.0499992371 0.0  15.0 27.0 0.0  12.0 27.0 0.0
T combl  12.0 39.9500007629 0.0  12.0 43.0 0.0  15.0 39.9500007629 0.0
T combl  5.00850009918 0.0 0.0  6.0 5.0 0.0  10.0170001984 0.0 0.0
T combl  42.0 14.9499998093 0.0  39.0 14.9499998093 0.0  42.0 18.0 0.0
T combl  12.0 24.0 0.0  15.0 21.0 0.0  12.0 21.0 0.0
T combl  48.0 11.1499996185 0.0  51.0 11.1499996185 0.0  48.0 8.05000019073 0.0
T combl  39.0 49.0 0.0  42.0 46.0 0.0  39.0 46.0 0.0
T combl  39.0 5.0 0.0  34.8704986572 0.0 0.0  33.0 5.0 0.0
T combl  30.0 24.0 0.0  30.0 27.0 0.0  33.0 24.0 0.0
T combl  12.0 24.0 0.0  12.0 27.0 0.0  15.0 24.0 0.0
T combl  30.0 14.9499998093 0.0  33.0 14.9499998093 0.0  30.0 11.1499996185 0.0
T combl  24.9479999542 0.0 0.0  21.0 5.0 0.0  24.0 5.0 0.0
T combl  66.0 52.0 0.0  69.0 52.0 0.0  69.0 49.0 0.0
T combl  24.0 30.0499992371 0.0  21.0 33.0499992371 0.0  24.0 33.0499992371 0.0
T combl  78.0 8.05000019073 0.0  75.0 8.05000019073 0.0  78.0 11.1499996185 0.0
T combl  39.0 5.0 0.0  42.0 8.05000019073 0.0  42.0 5.0 0.0
T combl  10.0170001984 0.0 0.0  12.0 5.0 0.0  15.0255002975 0.0 0.0
T combl  74.6549987793 0.0 0.0  77.0157089233 2.58170676231 0.0  79.5690002441 0.0 0.0
T combl  74.2125091553 3.01656937599 0.0  77.0157089233 2.58170676231 0.0  74.6549987793 0.0 0.0
T combl  33.0 14.9499998093 0.0  33.0 11.1499996185 0.0  30.0 11.1499996185 0.0
T combl  39.0 52.0 0.0  42.0 49.0 0.0  39.0 49.0 0.0
T combl  48.0 24.0 0.0  51.0 24.0 0.0  51.0 21.0 0.0
T combl  75.0 21.0 0.0  78.0 18.0 0.0  75.0 18.0 0.0
T combl  66.0 39.9500007629 0.0  69.0 39.9500007629 0.0  69.0 36.2999992371 0.0
T combl  33.0 43.0 0.0  30.0 46.0 0.0  33.0 46.0 0.0
T combl  21.0 52.0 0.0  24.0 52.0 0.0  24.0 49.0 0.0
T combl  48.0 55.0 0.0  51.0 55.0 0.0  48.0 52.0 0.0
T combl  42.0 33.0499992371 0.0  39.0 33.0499992371 0.0  42.0 36.2999992371 0.0
T combl  24.0 46.0 0.0  21.0 49.0 0.0  24.0 49.0 0.0
T combl  74.2125091553 3.01656937599 0.0  74.6549987793 0.0 0.0  71.58253479 2.23883461952 0.0
T combl  75.0 5.0 0.0  74.2125091553 3.01656937599 0.0  72.1259994507 5.0 0.0
T combl  42.0 27.0 0.0  42.0 24.0 0.0  39.0 27.0 0.0
T combl  30.0 39.9500007629 0.0  33.0 39.9500007629 0.0  30.0 36.2999992371 0.0
T combl  48.0 14.9499998093 0.0  51.0 14.9499998093 0.0  48.0 11.1499996185 0.0
T combl  69.0 5.0 0.0  69.6464996338 0.0 0.0  66.0 5.0 0.0
T combl  42.0 55.0 0.0  42.0 52.0 0.0  39.0 52.0 0.0
T combl  19.9395008087 0.0 0.0  21.0 5.0 0.0  24.9479999542 0.0 0.0
T combl  30.0 36.2999992371 0.0  33.0 36.2999992371 0.0  30.0 33.0499992371 0.0
T combl  54.7154998779 0.0 0.0  49.8014984131 0.0 0.0  52.302822113 2.40348672867 0.0
T combl  33.0 43.0 0.0  33.0 39.9500007629 0.0  30.0 43.0 0.0
T combl  33.0 36.2999992371 0.0  30.0 36.2999992371 0.0  33.0 39.9500007629 0.0
T combl  30.0 52.0 0.0  33.0 52.0 0.0  33.0 49.0 0.0
T combl  42.0 27.0 0.0  39.0 30.0499992371 0.0  42.0 30.0499992371 0.0
T combl  33.0 27.0 0.0  33.0 24.0 0.0  30.0 27.0 0.0
T combl  51.0 55.0 0.0  51.0 52.0 0.0  48.0 52.0 0.0
T combl  30.0 11.1499996185 0.0  33.0 11.1499996185 0.0  30.0 8.05000019073 0.0
T combl  44.7929992676 0.0 0.0  39.8790016174 0.0 0.0  42.0 5.0 0.0
T combl  51.0 46.0 0.0  48.0 49.0 0.0  51.0 49.0 0.0
T combl  39.0 21.0 0.0  42.0 18.0 0.0  39.0 18.0 0.0
T combl  89.5859985352 0.0 0.0  84.5774993896 0.0 0.0  87.0 5.0 0.0
T combl  33.0 14.9499998093 0.0  30.0 14.9499998093 0.0  33.0 18.0 0.0
T combl  51.0 43.0 0.0  51.0 39.9500007629 0.0  48.0 43.0 0.0
T combl  89.5859985352 0.0 0.0  90.4424972534 5.0 0.0  94.5 0.0 0.0
T combl  19.9395008087 0.0 0.0  15.0255002975 0.0 0.0  15.0 5.0 0.0
T combl  48.0 33.0499992371 0.0  51.0 30.0499992371 0.0  48.0 30.0499992371 0.0
T combl  21.0 11.1499996185 0.0  21.0 14.9499998093 0.0  24.0 11.1499996185 0.0
T combl  57.0 21.0 0.0  60.0 18.0 0.0  57.0 18.0 0.0
T combl  42.0 46.0 0.0  39.0 49.0 0.0  42.0 49.0 0.0
T combl  66.0 24.0 0.0  69.0 21.0 0.0  66.0 21.0 0.0
T combl  15.0 43.0 0.0  12.0 46.0 0.0  15.0 46.0 0.0
T combl  12.0 46.0 0.0  15.0 43.0 0.0  12.0 43.0 0.0
T combl  24.0 27.0 0.0  21.0 30.0 0.0  24.0 30.0499992371 0.0
T combl  66.0 30.0499992371 0.0  69.0 30.0 0.0  66.0 27.0 0.0
T combl  57.0 5.0 0.0  59.7239990234 0.0 0.0  54.7154998779 0.0 0.0
T combl  33.0 55.0 0.0  33.0 52.0 0.0  30.0 52.0 0.0
T combl  29.9564990997 0.0 0.0  30.0 5.0 0.0  33.0 5.0 0.0
T combl  66.0 55.0 0.0  69.0 55.0 0.0  66.0 52.0 0.0
T combl  3.0 52.0 0.0  3.0 55.0 0.0  6.0 52.0 0.0
T combl  39.0 8.05000019073 0.0  42.0 8.05000019073 0.0  39.0 5.0 0.0
T combl  57.0 11.1499996185 0.0  60.0 11.1499996185 0.0  57.0 8.05000019073 0.0
T combl  24.0 43.0 0.0  21.0 46.0 0.0  24.0 46.0 0.0
T combl  60.0 46.0 0.0  57.0 49.0 0.0  60.0 49.0 0.0
T combl  39.0 21.0 0.0  42.0 21.0 0.0  42.0 18.0 0.0
T combl  59.7239990234 0.0 0.0  57.0 5.0 0.0  60.0 5.0 0.0
T combl  42.0 30.0499992371 0.0  39.0 33.0499992371 0.0  42.0 33.0499992371 0.0
T combl  24.9479999542 0.0 0.0  24.0 5.0 0.0  26.8799991608 5.0 0.0
T combl  30.0 24.0 0.0  33.0 24.0 0.0  33.0 21.0 0.0
T combl  33.0 8.05000019073 0.0  30.0 8.05000019073 0.0  33.0 11.1499996185 0.0
T combl  60.0 18.0 0.0  57.0 21.0 0.0  60.0 21.0 0.0
T combl  69.0 14.9499998093 0.0  66.0 14.9499998093 0.0  69.0 18.0 0.0
T combl  21.0 24.0 0.0  21.0 27.0 0.0  24.0 24.0 0.0
T combl  69.0 27.0 0.0  66.0 27.0 0.0  69.0 30.0 0.0
T combl  12.0 36.2999992371 0.0  15.0 36.2999992371 0.0  12.0 33.0499992371 0.0
T combl  51.0 36.2999992371 0.0  48.0 36.2999992371 0.0  51.0 39.9500007629 0.0
T combl  66.0 33.0499992371 0.0  69.0 33.0499992371 0.0  66.0 30.0499992371 0.0
T combl  12.0 8.05000019073 0.0  12.0 11.1499996185 0.0  15.0 8.05000019073 0.0
T combl  21.0 52.0 0.0  24.0 49.0 0.0  21.0 49.0 0.0
T combl  42.0 8.05000019073 0.0  39.0 8.05000019073 0.0  42.0 11.1499996185 0.0
T combl  57.0 52.0 0.0  60.0 49.0 0.0  57.0 49.0 0.0
T combl  84.5774993896 0.0 0.0  80.9787139893 2.62360739708 0.0  84.0 5.0 0.0
T combl  12.0 52.0 0.0  15.0 52.0 0.0  15.0 49.0 0.0
T combl  66.0 49.0 0.0  69.0 46.0 0.0  66.0 46.0 0.0
T combl  51.0 8.05000019073 0.0  48.0 8.05000019073 0.0  51.0 11.1499996185 0.0
T combl  39.0 33.0499992371 0.0  42.0 30.0499992371 0.0  39.0 30.0499992371 0.0
T combl  34.8704986572 0.0 0.0  39.0 5.0 0.0  39.8790016174 0.0 0.0
T combl  15.0 27.0 0.0  12.0 30.0499992371 0.0  15.0 30.0499992371 0.0
T combl  24.0 27.0 0.0  24.0 24.0 0.0  21.0 27.0 0.0
T combl  21.0 24.0 0.0  24.0 24.0 0.0  24.0 21.0 0.0
T combl  51.0 5.0 0.0  49.8014984131 0.0 0.0  48.0 5.0 0.0
T combl  15.0 46.0 0.0  12.0 49.0 0.0  15.0 49.0 0.0
T combl  69.6464996338 0.0 0.0  71.58253479 2.23883461952 0.0  74.6549987793 0.0 0.0
T combl  60.0 27.0 0.0  57.0 27.0 0.0  60.0 30.0 0.0
T combl  60.0 11.1499996185 0.0  57.0 14.9499998093 0.0  60.0 15.0 0.0
T combl  21.0 5.0 0.0  24.0 8.05000019073 0.0  24.0 5.0 0.0
T combl  69.0 5.0 0.0  66.0 8.05000019073 0.0  69.0 8.05000019073 0.0
T combl  33.0 46.0 0.0  30.0 49.0 0.0  33.0 49.0 0.0
T combl  39.0 55.0 0.0  42.0 55.0 0.0  39.0 52.0 0.0
T combl  12.0 5.0 0.0  15.0 5.0 0.0  15.0255002975 0.0 0.0




