0 conductor definition file for mesh 'combr'

T combr  7.5 57.0 0.0  10.5 57.0 0.0  10.5 54.0 0.0
T combr  61.5 54.0 0.0  61.5 57.0 0.0  64.5 54.0 0.0
T combr  55.5 16.0499992371 0.0  52.5 16.0499992371 0.0  55.5 19.4500007629 0.0
T combr  10.5 41.2000007629 0.0  7.5 44.9500007629 0.0  10.5 45.0 0.0
T combr  82.5 45.0 0.0  79.5 45.0 0.0  82.5 48.0 0.0
T combr  82.5 51.0 0.0  79.5 54.0 0.0  82.5 54.0 0.0
T combr  37.5 57.0 0.0  34.5 57.0 0.0  37.5 60.0 0.0
T combr  43.5 48.0 0.0  46.5 48.0 0.0  43.5 45.0 0.0
T combr  37.5 13.0500001907 0.0  34.5 10.0 0.0  34.5 13.0500001907 0.0
T combr  88.5 31.9500007629 0.0  91.5 29.0 0.0  88.5 28.9500007629 0.0
T combr  34.5 16.0499992371 0.0  37.5 16.0499992371 0.0  34.5 13.0500001907 0.0
T combr  34.5 25.9500007629 0.0  37.5 23.0 0.0  34.5 22.9500007629 0.0
T combr  55.5 13.0500001907 0.0  52.5 13.0500001907 0.0  55.5 16.0499992371 0.0
T combr  34.5 28.9500007629 0.0  37.5 26.0 0.0  34.5 25.9500007629 0.0
T combr  46.5 26.0 0.0  43.5 28.9500007629 0.0  46.5 29.0 0.0
T combr  7.5 44.9500007629 0.0  10.5 41.2000007629 0.0  7.5 41.25 0.0
T combr  46.5 19.4500007629 0.0  43.5 19.4500007629 0.0  43.5 22.9500007629 0.0
T combr  70.5 19.4500007629 0.0  73.5 19.4500007629 0.0  70.5 16.0499992371 0.0
T combr  10.5 38.0 0.0  7.5 38.0499992371 0.0  10.5 41.2000007629 0.0
T combr  24.9479999542 65.0 0.0  22.686000824 60.0 0.0  19.9395008087 65.0 0.0
T combr  34.5 31.9500007629 0.0  37.5 29.0 0.0  34.5 28.9500007629 0.0
T combr  73.5 19.4500007629 0.0  70.5 19.4500007629 0.0  73.5 22.9500007629 0.0
T combr  34.5 35.0 0.0  37.5 32.0 0.0  34.5 31.9500007629 0.0
T combr  34.5 45.0 0.0  37.5 41.25 0.0  34.5 41.2000007629 0.0
T combr  88.5 45.0 0.0  91.5 41.25 0.0  88.5 41.2000007629 0.0
T combr  24.9479999542 65.0 0.0  25.5 60.0 0.0  22.686000824 60.0 0.0
T combr  91.5 19.4500007629 0.0  88.5 22.9500007629 0.0  91.5 23.0 0.0
T combr  10.5 54.0 0.0  10.5 51.0 0.0  7.5 54.0 0.0
T combr  64.5 38.0499992371 0.0  61.5 41.2000007629 0.0  64.5 41.25 0.0
T combr  34.5 48.0 0.0  37.5 48.0 0.0  34.5 45.0 0.0
T combr  64.7324981689 65.0 0.0  67.9319992065 60.0 0.0  64.5 60.0 0.0
T combr  34.5 57.0 0.0  37.5 57.0 0.0  34.5 54.0 0.0
T combr  89.5859985352 65.0 0.0  94.5 65.0 0.0  91.5 60.0 0.0
T combr  79.5 28.9500007629 0.0  82.5 26.0 0.0  79.5 25.9500007629 0.0
T combr  52.5 25.9500007629 0.0  55.5 22.9500007629 0.0  52.5 22.9500007629 0.0
T combr  44.7929992676 65.0 0.0  49.8014984131 65.0 0.0  46.5 60.0 0.0
T combr  22.686000824 60.0 0.0  19.5 60.0 0.0  19.9395008087 65.0 0.0
T combr  34.5 60.0 0.0  31.0739994049 60.0 0.0  34.8704986572 65.0 0.0
T combr  79.5 31.9500007629 0.0  82.5 29.0 0.0  79.5 28.9500007629 0.0
T combr  91.5 26.0 0.0  88.5 28.9500007629 0.0  91.5 29.0 0.0
T combr  55.5 41.25 0.0  52.5 41.2000007629 0.0  55.5 44.9500007629 0.0
T combr  64.5 26.0 0.0  61.5 28.9500007629 0.0  64.5 29.0 0.0
T combr  37.5 38.0 0.0  34.5 41.2000007629 0.0  37.5 41.25 0.0
T combr  88.5 38.0 0.0  88.5 41.2000007629 0.0  91.5 38.0 0.0
T combr  73.5 22.9500007629 0.0  70.5 25.9500007629 0.0  73.5 26.0 0.0
T combr  73.5 32.0 0.0  70.5 35.0 0.0  73.5 35.0 0.0
T combr  19.9395008087 65.0 0.0  16.5 60.0 0.0  14.9309997559 65.0 0.0
T combr  82.5 13.0500001907 0.0  79.5 10.0 0.0  79.5 13.0500001907 0.0
T combr  55.5 29.0 0.0  52.5 31.9500007629 0.0  55.5 32.0 0.0
T combr  37.5 41.25 0.0  34.5 45.0 0.0  37.5 45.0 0.0
T combr  61.5 48.0 0.0  64.5 48.0 0.0  61.5 45.0 0.0
T combr  37.5 45.0 0.0  34.5 45.0 0.0  37.5 48.0 0.0
T combr  37.5 48.0 0.0  34.5 48.0 0.0  37.5 51.0 0.0
T combr  91.5 10.0 0.0  88.5 10.0 0.0  91.5 13.0500001907 0.0
T combr  37.5 38.0 0.0  37.5 35.0 0.0  34.5 38.0 0.0
T combr  46.5 10.0 0.0  43.5 10.0 0.0  46.5 13.0500001907 0.0
T combr  34.5 54.0 0.0  37.5 54.0 0.0  34.5 51.0 0.0
T combr  28.5 10.0 0.0  25.5 10.0 0.0  28.5 13.0500001907 0.0
T combr  37.5 54.0 0.0  34.5 54.0 0.0  37.5 57.0 0.0
T combr  61.5 16.0499992371 0.0  64.5 16.0499992371 0.0  61.5 13.0500001907 0.0
T combr  70.5 28.9500007629 0.0  73.5 26.0 0.0  70.5 25.9500007629 0.0
T combr  82.5 51.0 0.0  79.5 51.0 0.0  79.5 54.0 0.0
T combr  34.5 16.0499992371 0.0  34.5 19.4500007629 0.0  37.5 19.4500007629 0.0
T combr  34.5 35.0 0.0  34.5 38.0 0.0  37.5 35.0 0.0
T combr  73.5 22.9500007629 0.0  70.5 19.4500007629 0.0  70.5 22.9500007629 0.0
T combr  79.5 54.0 0.0  79.5 57.0 0.0  82.5 54.0 0.0
T combr  70.5 48.0 0.0  73.5 48.0 0.0  70.5 45.0 0.0
T combr  37.5 19.4500007629 0.0  34.5 19.4500007629 0.0  34.5 22.9500007629 0.0
T combr  28.5 60.0 0.0  25.5 57.0 0.0  25.5 60.0 0.0
T combr  52.5 51.0 0.0  55.5 51.0 0.0  52.5 48.0 0.0
T combr  37.5 51.0 0.0  34.5 51.0 0.0  37.5 54.0 0.0
T combr  55.5 10.0 0.0  52.5 10.0 0.0  55.5 13.0500001907 0.0
T combr  34.5 41.2000007629 0.0  37.5 38.0 0.0  34.5 38.0 0.0
T combr  79.5 16.0499992371 0.0  82.5 16.0499992371 0.0  79.5 13.0500001907 0.0
T combr  34.5 48.0 0.0  34.5 51.0 0.0  37.5 51.0 0.0
T combr  70.5 51.0 0.0  73.5 51.0 0.0  70.5 48.0 0.0
T combr  46.5 41.25 0.0  43.5 45.0 0.0  46.5 45.0 0.0
T combr  91.5 38.0 0.0  88.5 41.2000007629 0.0  91.5 41.25 0.0
T combr  64.5 19.4500007629 0.0  61.5 19.4500007629 0.0  61.5 22.9500007629 0.0
T combr  64.5 57.0 0.0  64.5 54.0 0.0  61.5 57.0 0.0
T combr  70.5 38.0 0.0  73.5 35.0 0.0  70.5 35.0 0.0
T combr  37.5 10.0 0.0  34.5 10.0 0.0  37.5 13.0500001907 0.0
T combr  46.5 38.0 0.0  43.5 41.2000007629 0.0  46.5 41.25 0.0
T combr  55.5 13.0500001907 0.0  52.5 10.0 0.0  52.5 13.0500001907 0.0
T combr  79.5 45.0 0.0  82.5 41.25 0.0  79.5 41.2000007629 0.0
T combr  7.5 48.0 0.0  10.5 45.0 0.0  7.5 44.9500007629 0.0
T combr  37.5 29.0 0.0  34.5 31.9500007629 0.0  37.5 32.0 0.0
T combr  89.5859985352 65.0 0.0  91.5 60.0 0.0  88.5 60.0 0.0
T combr  82.5 41.25 0.0  79.5 45.0 0.0  82.5 45.0 0.0
T combr  88.5 35.0 0.0  91.5 32.0 0.0  88.5 31.9500007629 0.0
T combr  73.5 29.0 0.0  70.5 31.9500007629 0.0  73.5 32.0 0.0
T combr  37.5 23.0 0.0  34.5 25.9500007629 0.0  37.5 26.0 0.0
T combr  29.8619995117 65.0 0.0  31.0739994049 60.0 0.0  28.5 60.0 0.0
T combr  79.5 60.0 0.0  76.3199996948 60.0 0.0  79.6634979248 65.0 0.0
T combr  37.5 26.0 0.0  34.5 28.9500007629 0.0  37.5 29.0 0.0
T combr  28.5 41.25 0.0  25.5 41.2000007629 0.0  28.5 44.9500007629 0.0
T combr  28.5 44.9500007629 0.0  25.5 45.0 0.0  28.5 48.0 0.0
T combr  73.5 57.0 0.0  73.5 54.0 0.0  70.5 57.0 0.0
T combr  61.5 28.9500007629 0.0  64.5 26.0 0.0  61.5 25.9500007629 0.0
T combr  49.5 60.0 0.0  49.8014984131 65.0 0.0  52.5 60.0 0.0
T combr  28.5 51.0 0.0  28.5 48.0 0.0  25.5 51.0 0.0
T combr  25.5 54.0 0.0  28.5 54.0 0.0  25.5 51.0 0.0
T combr  28.5 54.0 0.0  25.5 54.0 0.0  28.5 57.0 0.0
T combr  28.5 57.0 0.0  25.5 57.0 0.0  28.5 60.0 0.0
T combr  10.5 60.0 0.0  14.9309997559 65.0 0.0  16.5 60.0 0.0
T combr  73.5 48.0 0.0  70.5 48.0 0.0  73.5 51.0 0.0
T combr  88.5 19.4500007629 0.0  91.5 19.4500007629 0.0  88.5 16.0499992371 0.0
T combr  10.5 16.0499992371 0.0  7.5 19.4500007629 0.0  10.5 19.4500007629 0.0
T combr  28.5 13.0500001907 0.0  25.5 10.0 0.0  25.5 13.0500001907 0.0
T combr  25.5 25.9500007629 0.0  28.5 22.9500007629 0.0  25.5 22.9500007629 0.0
T combr  25.5 16.0499992371 0.0  28.5 16.0499992371 0.0  25.5 13.0500001907 0.0
T combr  0.0 60.0 0.0  0.0 65.0 0.0  4.25250005722 60.0 0.0
T combr  25.5 28.9500007629 0.0  28.5 26.0 0.0  25.5 25.9500007629 0.0
T combr  10.5 45.0 0.0  7.5 48.0 0.0  10.5 48.0 0.0
T combr  46.5 32.0 0.0  43.5 35.0 0.0  46.5 35.0 0.0
T combr  88.5 60.0 0.0  82.5 60.0 0.0  84.5774993896 65.0 0.0
T combr  91.5 29.0 0.0  88.5 31.9500007629 0.0  91.5 32.0 0.0
T combr  10.0170001984 65.0 0.0  10.5 60.0 0.0  7.5 60.0 0.0
T combr  29.8619995117 65.0 0.0  28.5 60.0 0.0  24.9479999542 65.0 0.0
T combr  82.5 10.0 0.0  79.5 10.0 0.0  82.5 13.0500001907 0.0
T combr  25.5 31.9500007629 0.0  28.5 29.0 0.0  25.5 28.9500007629 0.0
T combr  55.5 60.0 0.0  52.5 60.0 0.0  54.7154998779 65.0 0.0
T combr  91.5 57.0 0.0  88.5 57.0 0.0  91.5 60.0 0.0
T combr  25.5 35.0 0.0  28.5 32.0 0.0  25.5 31.9500007629 0.0
T combr  69.6464996338 65.0 0.0  67.9319992065 60.0 0.0  64.7324981689 65.0 0.0
T combr  91.5 16.0499992371 0.0  88.5 16.0499992371 0.0  91.5 19.4500007629 0.0
T combr  43.5 16.0499992371 0.0  43.5 19.4500007629 0.0  46.5 19.4500007629 0.0
T combr  25.5 38.0 0.0  28.5 35.0 0.0  25.5 35.0 0.0
T combr  10.5 31.9500007629 0.0  7.5 32.0 0.0  10.5 35.0 0.0
T combr  7.5 22.9500007629 0.0  10.5 25.9500007629 0.0  10.5 22.9500007629 0.0
T combr  64.7324981689 65.0 0.0  61.5 60.0 0.0  59.7239990234 65.0 0.0
T combr  52.5 48.0 0.0  55.5 48.0 0.0  52.5 45.0 0.0
T combr  79.5 25.9500007629 0.0  82.5 23.0 0.0  79.5 22.9500007629 0.0
T combr  25.5 41.2000007629 0.0  28.5 38.0499992371 0.0  25.5 38.0 0.0
T combr  43.5 41.2000007629 0.0  46.5 38.0 0.0  43.5 38.0 0.0
T combr  55.5 35.0 0.0  52.5 38.0 0.0  55.5 38.0499992371 0.0
T combr  55.5 26.0 0.0  52.5 28.9500007629 0.0  55.5 29.0 0.0
T combr  69.6464996338 65.0 0.0  70.5 60.0 0.0  67.9319992065 60.0 0.0
T combr  25.5 45.0 0.0  28.5 44.9500007629 0.0  25.5 41.2000007629 0.0
T combr  25.5 48.0 0.0  28.5 48.0 0.0  25.5 45.0 0.0
T combr  88.5 25.9500007629 0.0  91.5 23.0 0.0  88.5 22.9500007629 0.0
T combr  73.5 35.0 0.0  70.5 38.0 0.0  73.5 38.0499992371 0.0
T combr  25.5 57.0 0.0  28.5 57.0 0.0  25.5 54.0 0.0
T combr  25.5 16.0499992371 0.0  25.5 19.4500007629 0.0  28.5 16.0499992371 0.0
T combr  10.5 13.0500001907 0.0  7.5 16.0499992371 0.0  10.5 16.0499992371 0.0
T combr  37.5 13.0500001907 0.0  34.5 13.0500001907 0.0  37.5 16.0499992371 0.0
T combr  74.6549987793 65.0 0.0  79.6634979248 65.0 0.0  76.3199996948 60.0 0.0
T combr  29.8619995117 65.0 0.0  34.8704986572 65.0 0.0  31.0739994049 60.0 0.0
T combr  61.5 60.0 0.0  64.5 60.0 0.0  61.5 57.0 0.0
T combr  28.5 19.4500007629 0.0  25.5 19.4500007629 0.0  25.5 22.9500007629 0.0
T combr  7.5 19.4500007629 0.0  10.5 16.0499992371 0.0  7.5 16.0499992371 0.0
T combr  28.5 51.0 0.0  25.5 51.0 0.0  28.5 54.0 0.0
T combr  25.5 48.0 0.0  25.5 51.0 0.0  28.5 48.0 0.0
T combr  7.5 38.0499992371 0.0  10.5 38.0 0.0  7.5 35.0 0.0
T combr  46.5 29.0 0.0  43.5 31.9500007629 0.0  46.5 32.0 0.0
T combr  37.5 32.0 0.0  34.5 35.0 0.0  37.5 35.0 0.0
T combr  19.5 10.0 0.0  16.5 10.0 0.0  19.5 13.0500001907 0.0
T combr  19.5 13.0500001907 0.0  16.5 13.0500001907 0.0  19.5 16.0499992371 0.0
T combr  37.5 19.4500007629 0.0  34.5 22.9500007629 0.0  37.5 23.0 0.0
T combr  91.5 57.0 0.0  91.5 54.0 0.0  88.5 57.0 0.0
T combr  73.5 51.0 0.0  70.5 54.0 0.0  73.5 54.0 0.0
T combr  19.5 19.4500007629 0.0  19.5 16.0499992371 0.0  16.5 19.4500007629 0.0
T combr  19.5 19.4500007629 0.0  16.5 22.9500007629 0.0  19.5 22.9500007629 0.0
T combr  19.5 29.0 0.0  16.5 31.9500007629 0.0  19.5 32.0 0.0
T combr  55.5 60.0 0.0  59.7239990234 65.0 0.0  61.5 60.0 0.0
T combr  19.5 22.9500007629 0.0  16.5 25.9500007629 0.0  19.5 26.0 0.0
T combr  7.5 16.0499992371 0.0  10.5 13.0500001907 0.0  7.5 13.0500001907 0.0
T combr  28.5 38.0499992371 0.0  25.5 41.2000007629 0.0  28.5 41.25 0.0
T combr  19.5 26.0 0.0  16.5 28.9500007629 0.0  19.5 29.0 0.0
T combr  10.5 28.9500007629 0.0  7.5 29.0 0.0  10.5 31.9500007629 0.0
T combr  19.5 35.0 0.0  16.5 38.0 0.0  19.5 38.0499992371 0.0
T combr  7.5 60.0 0.0  10.5 60.0 0.0  7.5 57.0 0.0
T combr  19.5 32.0 0.0  16.5 35.0 0.0  19.5 35.0 0.0
T combr  19.5 38.0499992371 0.0  16.5 41.2000007629 0.0  19.5 41.25 0.0
T combr  79.5 60.0 0.0  79.6634979248 65.0 0.0  82.5 60.0 0.0
T combr  19.5 60.0 0.0  16.5 57.0 0.0  16.5 60.0 0.0
T combr  64.5 57.0 0.0  61.5 57.0 0.0  64.5 60.0 0.0
T combr  7.5 35.0 0.0  10.5 35.0 0.0  7.5 32.0 0.0
T combr  82.5 32.0 0.0  79.5 35.0 0.0  82.5 35.0 0.0
T combr  28.5 13.0500001907 0.0  25.5 13.0500001907 0.0  28.5 16.0499992371 0.0
T combr  88.5 28.9500007629 0.0  91.5 26.0 0.0  88.5 25.9500007629 0.0
T combr  64.5 51.0 0.0  61.5 51.0 0.0  61.5 54.0 0.0
T combr  88.5 54.0 0.0  88.5 57.0 0.0  91.5 54.0 0.0
T combr  7.5 51.0 0.0  10.5 51.0 0.0  10.5 48.0 0.0
T combr  61.5 51.0 0.0  64.5 51.0 0.0  61.5 48.0 0.0
T combr  52.5 35.0 0.0  55.5 32.0 0.0  52.5 31.9500007629 0.0
T combr  10.5 35.0 0.0  7.5 35.0 0.0  10.5 38.0 0.0
T combr  46.5 13.0500001907 0.0  43.5 10.0 0.0  43.5 13.0500001907 0.0
T combr  10.5 10.0 0.0  7.5 13.0500001907 0.0  10.5 13.0500001907 0.0
T combr  79.5 35.0 0.0  82.5 32.0 0.0  79.5 31.9500007629 0.0
T combr  28.5 32.0 0.0  25.5 35.0 0.0  28.5 35.0 0.0
T combr  91.5 23.0 0.0  88.5 25.9500007629 0.0  91.5 26.0 0.0
T combr  28.5 26.0 0.0  25.5 28.9500007629 0.0  28.5 29.0 0.0
T combr  91.5 38.0 0.0  91.5 35.0 0.0  88.5 38.0 0.0
T combr  39.8790016174 65.0 0.0  37.5 60.0 0.0  34.8704986572 65.0 0.0
T combr  28.5 29.0 0.0  25.5 31.9500007629 0.0  28.5 32.0 0.0
T combr  16.5 31.9500007629 0.0  19.5 29.0 0.0  16.5 28.9500007629 0.0
T combr  16.5 35.0 0.0  19.5 32.0 0.0  16.5 31.9500007629 0.0
T combr  43.5 25.9500007629 0.0  46.5 23.0 0.0  43.5 22.9500007629 0.0
T combr  16.5 45.0 0.0  19.5 44.9500007629 0.0  16.5 41.2000007629 0.0
T combr  73.5 13.0500001907 0.0  70.5 13.0500001907 0.0  73.5 16.0499992371 0.0
T combr  16.5 48.0 0.0  19.5 48.0 0.0  16.5 45.0 0.0
T combr  16.5 57.0 0.0  19.5 57.0 0.0  16.5 54.0 0.0
T combr  16.5 16.0499992371 0.0  16.5 19.4500007629 0.0  19.5 16.0499992371 0.0
T combr  82.5 19.4500007629 0.0  79.5 19.4500007629 0.0  79.5 22.9500007629 0.0
T combr  94.5 60.0 0.0  91.5 60.0 0.0  94.5 65.0 0.0
T combr  70.5 60.0 0.0  69.6464996338 65.0 0.0  73.5 60.0 0.0
T combr  91.5 51.0 0.0  88.5 54.0 0.0  91.5 54.0 0.0
T combr  16.5 38.0 0.0  19.5 35.0 0.0  16.5 35.0 0.0
T combr  16.5 41.2000007629 0.0  19.5 38.0499992371 0.0  16.5 38.0 0.0
T combr  7.5 57.0 0.0  10.5 54.0 0.0  7.5 54.0 0.0
T combr  19.5 19.4500007629 0.0  16.5 19.4500007629 0.0  16.5 22.9500007629 0.0
T combr  61.5 41.2000007629 0.0  64.5 38.0499992371 0.0  61.5 38.0 0.0
T combr  7.5 22.9500007629 0.0  10.5 22.9500007629 0.0  10.5 19.4500007629 0.0
T combr  19.5 51.0 0.0  16.5 51.0 0.0  19.5 54.0 0.0
T combr  52.5 38.0 0.0  55.5 35.0 0.0  52.5 35.0 0.0
T combr  74.6549987793 65.0 0.0  73.5 60.0 0.0  69.6464996338 65.0 0.0
T combr  16.5 48.0 0.0  16.5 51.0 0.0  19.5 48.0 0.0
T combr  52.5 57.0 0.0  55.5 57.0 0.0  52.5 54.0 0.0
T combr  82.5 26.0 0.0  79.5 28.9500007629 0.0  82.5 29.0 0.0
T combr  70.5 35.0 0.0  73.5 32.0 0.0  70.5 31.9500007629 0.0
T combr  46.5 54.0 0.0  43.5 54.0 0.0  46.5 57.0 0.0
T combr  64.5 29.0 0.0  61.5 31.9500007629 0.0  64.5 32.0 0.0
T combr  91.5 48.0 0.0  88.5 48.0 0.0  91.5 51.0 0.0
T combr  7.5 26.0 0.0  10.5 25.9500007629 0.0  7.5 22.9500007629 0.0
T combr  82.5 29.0 0.0  79.5 31.9500007629 0.0  82.5 32.0 0.0
T combr  64.5 13.0500001907 0.0  61.5 10.0 0.0  61.5 13.0500001907 0.0
T combr  46.5 13.0500001907 0.0  43.5 13.0500001907 0.0  46.5 16.0499992371 0.0
T combr  82.5 16.0499992371 0.0  79.5 16.0499992371 0.0  82.5 19.4500007629 0.0
T combr  88.5 48.0 0.0  88.5 51.0 0.0  91.5 51.0 0.0
T combr  28.5 35.0 0.0  25.5 38.0 0.0  28.5 38.0499992371 0.0
T combr  73.5 10.0 0.0  70.5 10.0 0.0  73.5 13.0500001907 0.0
T combr  73.5 38.0499992371 0.0  70.5 41.2000007629 0.0  73.5 41.25 0.0
T combr  55.5 19.4500007629 0.0  52.5 19.4500007629 0.0  52.5 22.9500007629 0.0
T combr  28.5 22.9500007629 0.0  25.5 25.9500007629 0.0  28.5 26.0 0.0
T combr  44.7929992676 65.0 0.0  46.5 60.0 0.0  43.5 60.0 0.0
T combr  61.5 31.9500007629 0.0  64.5 29.0 0.0  61.5 28.9500007629 0.0
T combr  46.5 45.0 0.0  43.5 45.0 0.0  46.5 48.0 0.0
T combr  61.5 41.2000007629 0.0  61.5 45.0 0.0  64.5 41.25 0.0
T combr  16.5 25.9500007629 0.0  19.5 22.9500007629 0.0  16.5 22.9500007629 0.0
T combr  10.5 25.9500007629 0.0  7.5 26.0 0.0  10.5 28.9500007629 0.0
T combr  73.5 57.0 0.0  70.5 57.0 0.0  73.5 60.0 0.0
T combr  16.5 28.9500007629 0.0  19.5 26.0 0.0  16.5 25.9500007629 0.0
T combr  88.5 48.0 0.0  91.5 48.0 0.0  88.5 45.0 0.0
T combr  91.5 51.0 0.0  88.5 51.0 0.0  88.5 54.0 0.0
T combr  79.5 60.0 0.0  82.5 60.0 0.0  79.5 57.0 0.0
T combr  46.5 57.0 0.0  43.5 57.0 0.0  46.5 60.0 0.0
T combr  74.6549987793 65.0 0.0  76.3199996948 60.0 0.0  73.5 60.0 0.0
T combr  4.25250005722 60.0 0.0  0.0 65.0 0.0  5.00850009918 65.0 0.0
T combr  7.5 22.9500007629 0.0  10.5 19.4500007629 0.0  7.5 19.4500007629 0.0
T combr  19.5 41.25 0.0  16.5 41.2000007629 0.0  19.5 44.9500007629 0.0
T combr  28.5 19.4500007629 0.0  25.5 22.9500007629 0.0  28.5 22.9500007629 0.0
T combr  43.5 35.0 0.0  43.5 38.0 0.0  46.5 35.0 0.0
T combr  59.7239990234 65.0 0.0  55.5 60.0 0.0  54.7154998779 65.0 0.0
T combr  43.5 35.0 0.0  46.5 32.0 0.0  43.5 31.9500007629 0.0
T combr  37.5 16.0499992371 0.0  34.5 16.0499992371 0.0  37.5 19.4500007629 0.0
T combr  73.5 26.0 0.0  70.5 28.9500007629 0.0  73.5 29.0 0.0
T combr  49.5 60.0 0.0  46.5 60.0 0.0  49.8014984131 65.0 0.0
T combr  82.5 57.0 0.0  82.5 54.0 0.0  79.5 57.0 0.0
T combr  88.5 60.0 0.0  91.5 60.0 0.0  88.5 57.0 0.0
T combr  19.5 13.0500001907 0.0  16.5 10.0 0.0  16.5 13.0500001907 0.0
T combr  19.9395008087 65.0 0.0  19.5 60.0 0.0  16.5 60.0 0.0
T combr  19.5 57.0 0.0  16.5 57.0 0.0  19.5 60.0 0.0
T combr  19.5 54.0 0.0  16.5 54.0 0.0  19.5 57.0 0.0
T combr  64.5 10.0 0.0  61.5 10.0 0.0  64.5 13.0500001907 0.0
T combr  82.5 48.0 0.0  79.5 48.0 0.0  82.5 51.0 0.0
T combr  16.5 54.0 0.0  19.5 54.0 0.0  16.5 51.0 0.0
T combr  16.5 16.0499992371 0.0  19.5 16.0499992371 0.0  16.5 13.0500001907 0.0
T combr  19.5 51.0 0.0  19.5 48.0 0.0  16.5 51.0 0.0
T combr  19.5 44.9500007629 0.0  16.5 45.0 0.0  19.5 48.0 0.0
T combr  88.5 35.0 0.0  88.5 38.0 0.0  91.5 35.0 0.0
T combr  7.5 29.0 0.0  10.5 28.9500007629 0.0  7.5 26.0 0.0
T combr  28.5 19.4500007629 0.0  28.5 16.0499992371 0.0  25.5 19.4500007629 0.0
T combr  91.5 13.0500001907 0.0  88.5 10.0 0.0  88.5 13.0500001907 0.0
T combr  82.5 13.0500001907 0.0  79.5 13.0500001907 0.0  82.5 16.0499992371 0.0
T combr  46.5 60.0 0.0  43.5 57.0 0.0  43.5 60.0 0.0
T combr  43.5 48.0 0.0  43.5 51.0 0.0  46.5 51.0 0.0
T combr  54.7154998779 65.0 0.0  52.5 60.0 0.0  49.8014984131 65.0 0.0
T combr  64.5 32.0 0.0  61.5 35.0 0.0  64.5 35.0 0.0
T combr  28.5 60.0 0.0  25.5 60.0 0.0  24.9479999542 65.0 0.0
T combr  43.5 60.0 0.0  37.5 60.0 0.0  39.8790016174 65.0 0.0
T combr  46.5 38.0 0.0  46.5 35.0 0.0  43.5 38.0 0.0
T combr  37.5 60.0 0.0  34.5 57.0 0.0  34.5 60.0 0.0
T combr  7.5 51.0 0.0  7.5 54.0 0.0  10.5 51.0 0.0
T combr  79.5 38.0 0.0  79.5 41.2000007629 0.0  82.5 38.0 0.0
T combr  55.5 57.0 0.0  52.5 57.0 0.0  55.5 60.0 0.0
T combr  52.5 31.9500007629 0.0  55.5 29.0 0.0  52.5 28.9500007629 0.0
T combr  52.5 41.2000007629 0.0  55.5 38.0499992371 0.0  52.5 38.0 0.0
T combr  73.5 13.0500001907 0.0  70.5 10.0 0.0  70.5 13.0500001907 0.0
T combr  55.5 38.0499992371 0.0  52.5 41.2000007629 0.0  55.5 41.25 0.0
T combr  55.5 48.0 0.0  52.5 48.0 0.0  55.5 51.0 0.0
T combr  79.5 48.0 0.0  79.5 51.0 0.0  82.5 51.0 0.0
T combr  55.5 44.9500007629 0.0  52.5 45.0 0.0  55.5 48.0 0.0
T combr  46.5 19.4500007629 0.0  43.5 22.9500007629 0.0  46.5 23.0 0.0
T combr  55.5 19.4500007629 0.0  52.5 22.9500007629 0.0  55.5 22.9500007629 0.0
T combr  44.7929992676 65.0 0.0  43.5 60.0 0.0  39.8790016174 65.0 0.0
T combr  52.5 16.0499992371 0.0  55.5 16.0499992371 0.0  52.5 13.0500001907 0.0
T combr  61.5 25.9500007629 0.0  64.5 22.9500007629 0.0  61.5 22.9500007629 0.0
T combr  64.5 35.0 0.0  61.5 38.0 0.0  64.5 38.0499992371 0.0
T combr  82.5 38.0 0.0  82.5 35.0 0.0  79.5 38.0 0.0
T combr  46.5 23.0 0.0  43.5 25.9500007629 0.0  46.5 26.0 0.0
T combr  91.5 45.0 0.0  88.5 45.0 0.0  91.5 48.0 0.0
T combr  64.5 44.9500007629 0.0  61.5 45.0 0.0  64.5 48.0 0.0
T combr  82.5 57.0 0.0  79.5 57.0 0.0  82.5 60.0 0.0
T combr  73.5 44.9500007629 0.0  73.5 41.25 0.0  70.5 45.0 0.0
T combr  46.5 16.0499992371 0.0  43.5 16.0499992371 0.0  46.5 19.4500007629 0.0
T combr  82.5 23.0 0.0  79.5 25.9500007629 0.0  82.5 26.0 0.0
T combr  70.5 41.2000007629 0.0  73.5 38.0499992371 0.0  70.5 38.0 0.0
T combr  79.5 48.0 0.0  82.5 48.0 0.0  79.5 45.0 0.0
T combr  64.5 19.4500007629 0.0  61.5 22.9500007629 0.0  64.5 22.9500007629 0.0
T combr  70.5 54.0 0.0  70.5 57.0 0.0  73.5 54.0 0.0
T combr  43.5 54.0 0.0  46.5 54.0 0.0  43.5 51.0 0.0
T combr  52.5 28.9500007629 0.0  55.5 26.0 0.0  52.5 25.9500007629 0.0
T combr  52.5 45.0 0.0  55.5 44.9500007629 0.0  52.5 41.2000007629 0.0
T combr  82.5 19.4500007629 0.0  79.5 22.9500007629 0.0  82.5 23.0 0.0
T combr  43.5 31.9500007629 0.0  46.5 29.0 0.0  43.5 28.9500007629 0.0
T combr  73.5 44.9500007629 0.0  70.5 45.0 0.0  73.5 48.0 0.0
T combr  64.5 16.0499992371 0.0  61.5 16.0499992371 0.0  64.5 19.4500007629 0.0
T combr  89.5859985352 65.0 0.0  88.5 60.0 0.0  84.5774993896 65.0 0.0
T combr  55.5 51.0 0.0  52.5 51.0 0.0  55.5 54.0 0.0
T combr  64.5 13.0500001907 0.0  61.5 13.0500001907 0.0  64.5 16.0499992371 0.0
T combr  64.5 48.0 0.0  61.5 48.0 0.0  64.5 51.0 0.0
T combr  55.5 54.0 0.0  52.5 54.0 0.0  55.5 57.0 0.0
T combr  10.0170001984 65.0 0.0  14.9309997559 65.0 0.0  10.5 60.0 0.0
T combr  52.5 54.0 0.0  55.5 54.0 0.0  52.5 51.0 0.0
T combr  4.25250005722 60.0 0.0  5.00850009918 65.0 0.0  7.5 60.0 0.0
T combr  70.5 16.0499992371 0.0  73.5 16.0499992371 0.0  70.5 13.0500001907 0.0
T combr  10.0170001984 65.0 0.0  7.5 60.0 0.0  5.00850009918 65.0 0.0
T combr  91.5 13.0500001907 0.0  88.5 13.0500001907 0.0  91.5 16.0499992371 0.0
T combr  43.5 16.0499992371 0.0  46.5 16.0499992371 0.0  43.5 13.0500001907 0.0
T combr  79.5 35.0 0.0  79.5 38.0 0.0  82.5 35.0 0.0
T combr  79.5 19.4500007629 0.0  82.5 19.4500007629 0.0  79.5 16.0499992371 0.0
T combr  34.5 60.0 0.0  34.8704986572 65.0 0.0  37.5 60.0 0.0
T combr  88.5 16.0499992371 0.0  91.5 16.0499992371 0.0  88.5 13.0500001907 0.0
T combr  7.5 51.0 0.0  10.5 48.0 0.0  7.5 48.0 0.0
T combr  64.5 22.9500007629 0.0  61.5 25.9500007629 0.0  64.5 26.0 0.0
T combr  70.5 41.2000007629 0.0  70.5 45.0 0.0  73.5 41.25 0.0
T combr  7.5 13.0500001907 0.0  10.5 10.0 0.0  7.5 10.0 0.0
T combr  91.5 41.25 0.0  88.5 45.0 0.0  91.5 45.0 0.0
T combr  64.5 19.4500007629 0.0  61.5 16.0499992371 0.0  61.5 19.4500007629 0.0
T combr  70.5 60.0 0.0  73.5 60.0 0.0  70.5 57.0 0.0
T combr  7.5 41.25 0.0  10.5 41.2000007629 0.0  7.5 38.0499992371 0.0
T combr  46.5 48.0 0.0  43.5 48.0 0.0  46.5 51.0 0.0
T combr  64.5 51.0 0.0  61.5 54.0 0.0  64.5 54.0 0.0
T combr  84.5774993896 65.0 0.0  82.5 60.0 0.0  79.6634979248 65.0 0.0
T combr  73.5 22.9500007629 0.0  70.5 22.9500007629 0.0  70.5 25.9500007629 0.0
T combr  73.5 16.0499992371 0.0  70.5 16.0499992371 0.0  73.5 19.4500007629 0.0
T combr  64.7324981689 65.0 0.0  64.5 60.0 0.0  61.5 60.0 0.0
T combr  70.5 31.9500007629 0.0  73.5 29.0 0.0  70.5 28.9500007629 0.0
T combr  55.5 22.9500007629 0.0  52.5 25.9500007629 0.0  55.5 26.0 0.0
T combr  61.5 38.0 0.0  64.5 35.0 0.0  61.5 35.0 0.0
T combr  7.5 32.0 0.0  10.5 31.9500007629 0.0  7.5 29.0 0.0
T combr  55.5 60.0 0.0  52.5 57.0 0.0  52.5 60.0 0.0
T combr  10.5 60.0 0.0  10.5 57.0 0.0  7.5 57.0 0.0
T combr  52.5 16.0499992371 0.0  52.5 19.4500007629 0.0  55.5 19.4500007629 0.0
T combr  73.5 51.0 0.0  70.5 51.0 0.0  70.5 54.0 0.0
T combr  46.5 51.0 0.0  43.5 51.0 0.0  46.5 54.0 0.0
T combr  61.5 35.0 0.0  64.5 32.0 0.0  61.5 31.9500007629 0.0
T combr  55.5 32.0 0.0  52.5 35.0 0.0  55.5 35.0 0.0
T combr  43.5 28.9500007629 0.0  46.5 26.0 0.0  43.5 25.9500007629 0.0
T combr  64.5 44.9500007629 0.0  64.5 41.25 0.0  61.5 45.0 0.0
T combr  82.5 38.0 0.0  79.5 41.2000007629 0.0  82.5 41.25 0.0
T combr  91.5 32.0 0.0  88.5 35.0 0.0  91.5 35.0 0.0
T combr  91.5 19.4500007629 0.0  88.5 19.4500007629 0.0  88.5 22.9500007629 0.0
T combr  43.5 57.0 0.0  46.5 57.0 0.0  43.5 54.0 0.0
T combr  43.5 45.0 0.0  46.5 41.25 0.0  43.5 41.2000007629 0.0




