* conductor definition file for mesh 'gndplane'

T gndplane  17.3384990692 -25.0 -20.0  11.1690225601 -16.692276001 -20.0  21.7970848083 -16.4579963684 -20.0
T gndplane  110.216011047 33.204246521 -20.0  110.645927429 21.9524936676 -20.0  95.2857666016 28.0711174011 -20.0
T gndplane  89.1234970093 90.0 -10.0  98.9390029907 90.0 -10.0  98.9390029907 90.0 -20.0
T gndplane  17.3384990692 90.0 -20.0  5.6185002327 90.0 -20.0  5.6185002327 90.0 -10.0
T gndplane  40.1059608459 63.8676109314 -20.0  43.3424224854 77.7939071655 -20.0  55.7037811279 64.9845046997 -20.0
T gndplane  5.6185002327 90.0 -20.0  -5.22249984741 90.0 -20.0  -5.22249984741 90.0 -10.0
T gndplane  -16.3777236938 -0.531370103359 -20.0  -15.7355690002 11.7774906158 -20.0  -2.53650665283 5.33141803741 -20.0
T gndplane  46.9314994812 -25.0 -20.0  36.9695014954 -25.0 -20.0  42.5525436401 -14.8570785522 -20.0
T gndplane  -15.3290290833 72.1756134033 -20.0  -2.28894352913 77.5371017456 -20.0  -7.74376726151 63.8543510437 -20.0
T gndplane  108.901000977 90.0 -20.0  112.77684021 75.8645172119 -20.0  103.693450928 81.6645965576 -20.0
T gndplane  61.991859436 -14.6615247726 -20.0  52.2427330017 -16.7487373352 -20.0  52.7657928467 -2.08949017525 -20.0
T gndplane  110.645927429 21.9524936676 -20.0  113.104927063 11.4140930176 -20.0  95.9091339111 11.9285993576 -20.0
T gndplane  -25.0 -14.9949998856 -10.0  -25.0 -14.9949998856 -20.0  -25.0 -25.0 -20.0
T gndplane  111.946273804 -11.1913785934 -20.0  108.901000977 -25.0 -20.0  103.156677246 -16.9256572723 -20.0
T gndplane  43.3424224854 77.7939071655 -20.0  52.9270324707 80.1758575439 -20.0  55.7037811279 64.9845046997 -20.0
T gndplane  -25.0 79.7649993896 -20.0  -25.0 79.7649993896 -10.0  -25.0 90.0 -20.0
T gndplane  -25.0 -25.0 -20.0  -25.0 -25.0 -10.0  -25.0 -14.9949998856 -10.0
T gndplane  83.0820007324 1.33149445057 -20.0  99.2225112915 -4.71170473099 -20.0  93.3083648682 -15.1399612427 -20.0
T gndplane  52.2427330017 -16.7487373352 -20.0  42.5525436401 -14.8570785522 -20.0  52.7657928467 -2.08949017525 -20.0
T gndplane  121.5 17.6650009155 -10.0  121.5 17.6650009155 -20.0  121.5 27.5550003052 -10.0
T gndplane  -25.0 17.6650009155 -10.0  -25.0 17.6650009155 -20.0  -25.0 6.28000020981 -10.0
T gndplane  83.9418563843 78.3842163086 -20.0  89.1234970093 90.0 -20.0  93.9247131348 79.6339492798 -20.0
T gndplane  -25.0 -14.9949998856 -20.0  -25.0 -5.10500001907 -20.0  -17.2217178345 -11.302652359 -20.0
T gndplane  -16.3777236938 -0.531370103359 -20.0  -25.0 6.28000020981 -20.0  -15.7355690002 11.7774906158 -20.0
T gndplane  17.3384990692 -25.0 -20.0  5.6185002327 -25.0 -20.0  11.1690225601 -16.692276001 -20.0
T gndplane  21.7970848083 -16.4579963684 -20.0  15.3861036301 -6.05427122116 -20.0  25.8769836426 -3.70207881927 -20.0
T gndplane  113.104927063 11.4140930176 -20.0  111.467071533 0.343161463737 -20.0  95.9091339111 11.9285993576 -20.0
T gndplane  -25.0 79.7649993896 -10.0  -25.0 79.7649993896 -20.0  -25.0 67.3450012207 -10.0
T gndplane  10.2425422668 79.3504714966 -20.0  21.9493846893 79.3077926636 -20.0  15.9103918076 68.9035415649 -20.0
T gndplane  63.0030326843 77.6067352295 -20.0  69.3460006714 90.0 -20.0  73.7578811646 80.5066757202 -20.0
T gndplane  98.9390029907 90.0 -20.0  108.901000977 90.0 -20.0  103.693450928 81.6645965576 -20.0
T gndplane  21.7970848083 -16.4579963684 -20.0  11.1690225601 -16.692276001 -20.0  15.3861036301 -6.05427122116 -20.0
T gndplane  121.5 17.6650009155 -20.0  121.5 17.6650009155 -10.0  121.5 6.28000020981 -20.0
T gndplane  69.3460006714 90.0 -20.0  79.3079986572 90.0 -20.0  73.7578811646 80.5066757202 -20.0
T gndplane  56.7470016479 90.0 -20.0  69.3460006714 90.0 -20.0  63.0030326843 77.6067352295 -20.0
T gndplane  -25.0 37.4449996948 -20.0  -25.0 47.4500007629 -20.0  -16.8779640198 42.9727287292 -20.0
T gndplane  -25.0 47.4500007629 -10.0  -25.0 57.4550018311 -10.0  -25.0 57.3400001526 -20.0
T gndplane  -0.595455110073 48.2595367432 -20.0  -16.1225757599 53.8013687134 -20.0  -7.74376726151 63.8543510437 -20.0
T gndplane  -17.8769607544 62.8914680481 -20.0  -25.0 67.3450012207 -20.0  -15.3290290833 72.1756134033 -20.0
T gndplane  79.3079986572 -25.0 -20.0  89.1234970093 -25.0 -20.0  79.3079986572 -25.0 -10.0
T gndplane  -5.22249984741 -25.0 -20.0  -9.07215023041 -17.4808177948 -20.0  -0.050302837044 -16.4418964386 -20.0
T gndplane  108.901000977 90.0 -20.0  121.5 90.0 -20.0  121.5 79.7649993896 -20.0
T gndplane  10.2425422668 79.3504714966 -20.0  15.9103918076 68.9035415649 -20.0  4.41925859451 65.6561737061 -20.0
T gndplane  -16.1225757599 53.8013687134 -20.0  -17.8769607544 62.8914680481 -20.0  -7.74376726151 63.8543510437 -20.0
T gndplane  46.9314994812 -25.0 -10.0  56.7470016479 -25.0 -20.0  56.7470016479 -25.0 -10.0
T gndplane  36.9695014954 -25.0 -20.0  27.1539993286 -25.0 -20.0  32.075958252 -15.3865299225 -20.0
T gndplane  5.6185002327 -25.0 -20.0  -5.22249984741 -25.0 -20.0  -0.050302837044 -16.4418964386 -20.0
T gndplane  79.3079986572 90.0 -10.0  89.1234970093 90.0 -10.0  89.1234970093 90.0 -20.0
T gndplane  98.9390029907 -25.0 -20.0  108.901000977 -25.0 -20.0  98.9390029907 -25.0 -10.0
T gndplane  73.7578811646 80.5066757202 -20.0  79.3079986572 90.0 -20.0  83.9418563843 78.3842163086 -20.0
T gndplane  121.5 -4.98999977112 -10.0  121.5 -14.9949998856 -10.0  121.5 -5.10500001907 -20.0
T gndplane  -25.0 79.7649993896 -20.0  -15.0380001068 90.0 -20.0  -12.4398336411 81.8458786011 -20.0
T gndplane  -5.22249984741 -25.0 -20.0  5.6185002327 -25.0 -20.0  -5.22249984741 -25.0 -10.0
T gndplane  83.0820007324 1.33149445057 -20.0  63.0881576538 18.2255477905 -20.0  79.337348938 24.690782547 -20.0
T gndplane  32.5996932983 78.15209198 -20.0  36.9695014954 90.0 -20.0  43.3424224854 77.7939071655 -20.0
T gndplane  108.901000977 -25.0 -20.0  108.901000977 -25.0 -10.0  98.9390029907 -25.0 -10.0
T gndplane  121.5 90.0 -20.0  108.901000977 90.0 -20.0  121.5 90.0 -10.0
T gndplane  121.5 27.5550003052 -20.0  121.5 37.4449996948 -20.0  121.5 27.5550003052 -10.0
T gndplane  -15.0380001068 -25.0 -20.0  -25.0 -14.9949998856 -20.0  -17.2217178345 -11.302652359 -20.0
T gndplane  121.5 -14.9949998856 -10.0  121.5 -14.9949998856 -20.0  121.5 -5.10500001907 -20.0
T gndplane  -25.0 -14.9949998856 -10.0  -25.0 -4.98999977112 -10.0  -25.0 -5.10500001907 -20.0
T gndplane  36.9695014954 90.0 -20.0  36.9695014954 90.0 -10.0  46.9314994812 90.0 -20.0
T gndplane  56.7470016479 -25.0 -20.0  46.9314994812 -25.0 -20.0  52.2427330017 -16.7487373352 -20.0
T gndplane  -15.0380001068 90.0 -20.0  -5.22249984741 90.0 -20.0  -12.4398336411 81.8458786011 -20.0
T gndplane  121.5 27.5550003052 -20.0  121.5 17.6650009155 -20.0  110.645927429 21.9524936676 -20.0
T gndplane  108.901000977 90.0 -20.0  121.5 79.7649993896 -20.0  112.77684021 75.8645172119 -20.0
T gndplane  -25.0 -14.9949998856 -10.0  -25.0 -5.10500001907 -20.0  -25.0 -14.9949998856 -20.0
T gndplane  -5.22249984741 90.0 -10.0  5.6185002327 90.0 -10.0  5.6185002327 90.0 -20.0
T gndplane  -5.22249984741 -25.0 -20.0  -15.0380001068 -25.0 -20.0  -9.07215023041 -17.4808177948 -20.0
T gndplane  121.5 17.6650009155 -20.0  121.5 6.28000020981 -20.0  113.104927063 11.4140930176 -20.0
T gndplane  -25.0 17.6650009155 -20.0  -25.0 27.5550003052 -20.0  -16.3320217133 22.5836048126 -20.0
T gndplane  108.901000977 90.0 -20.0  98.9390029907 90.0 -10.0  108.901000977 90.0 -10.0
T gndplane  121.5 27.5550003052 -20.0  121.5 27.5550003052 -10.0  121.5 17.6650009155 -20.0
T gndplane  -25.0 79.7649993896 -20.0  -25.0 90.0 -20.0  -15.0380001068 90.0 -20.0
T gndplane  36.9695014954 -25.0 -20.0  36.9695014954 -25.0 -10.0  27.1539993286 -25.0 -10.0
T gndplane  121.5 57.3400001526 -20.0  111.55014801 52.6663284302 -20.0  112.762123108 64.219909668 -20.0
T gndplane  -25.0 -4.98999977112 -10.0  -25.0 6.28000020981 -10.0  -25.0 6.28000020981 -20.0
T gndplane  -25.0 67.3450012207 -20.0  -25.0 57.3400001526 -20.0  -25.0 57.4550018311 -10.0
T gndplane  5.6185002327 -25.0 -20.0  17.3384990692 -25.0 -20.0  5.6185002327 -25.0 -10.0
T gndplane  121.5 -5.10500001907 -20.0  121.5 6.28000020981 -20.0  121.5 -4.98999977112 -10.0
T gndplane  69.3460006714 90.0 -10.0  79.3079986572 90.0 -10.0  79.3079986572 90.0 -20.0
T gndplane  -25.0 6.28000020981 -20.0  -25.0 6.28000020981 -10.0  -25.0 17.6650009155 -20.0
T gndplane  98.9390029907 90.0 -20.0  89.1234970093 90.0 -20.0  89.1234970093 90.0 -10.0
T gndplane  121.5 47.4500007629 -20.0  121.5 57.3400001526 -20.0  121.5 47.4500007629 -10.0
T gndplane  56.7470016479 90.0 -20.0  46.9314994812 90.0 -20.0  46.9314994812 90.0 -10.0
T gndplane  121.5 6.28000020981 -10.0  121.5 -4.98999977112 -10.0  121.5 6.28000020981 -20.0
T gndplane  -25.0 -25.0 -20.0  -15.0380001068 -25.0 -20.0  -25.0 -25.0 -10.0
T gndplane  46.9314994812 90.0 -20.0  56.7470016479 90.0 -20.0  52.9270324707 80.1758575439 -20.0
T gndplane  121.5 37.4449996948 -20.0  121.5 27.5550003052 -20.0  110.216011047 33.204246521 -20.0
T gndplane  36.9695014954 -25.0 -20.0  46.9314994812 -25.0 -20.0  36.9695014954 -25.0 -10.0
T gndplane  121.5 67.3450012207 -20.0  112.762123108 64.219909668 -20.0  112.77684021 75.8645172119 -20.0
T gndplane  79.3079986572 -25.0 -10.0  69.3460006714 -25.0 -10.0  79.3079986572 -25.0 -20.0
T gndplane  79.3079986572 90.0 -20.0  69.3460006714 90.0 -20.0  69.3460006714 90.0 -10.0
T gndplane  98.9390029907 -25.0 -20.0  93.3083648682 -15.1399612427 -20.0  103.156677246 -16.9256572723 -20.0
T gndplane  27.1539993286 -25.0 -10.0  17.3384990692 -25.0 -10.0  27.1539993286 -25.0 -20.0
T gndplane  121.5 -14.9949998856 -20.0  121.5 -25.0 -20.0  108.901000977 -25.0 -20.0
T gndplane  46.9314994812 -25.0 -20.0  42.5525436401 -14.8570785522 -20.0  52.2427330017 -16.7487373352 -20.0
T gndplane  121.5 67.3450012207 -20.0  121.5 79.7649993896 -20.0  121.5 67.3450012207 -10.0
T gndplane  -25.0 17.6650009155 -10.0  -25.0 27.5550003052 -10.0  -25.0 27.5550003052 -20.0
T gndplane  -25.0 37.4449996948 -20.0  -25.0 27.5550003052 -20.0  -25.0 27.5550003052 -10.0
T gndplane  98.9390029907 -25.0 -20.0  98.9390029907 -25.0 -10.0  89.1234970093 -25.0 -20.0
T gndplane  89.1234970093 -25.0 -10.0  89.1234970093 -25.0 -20.0  98.9390029907 -25.0 -10.0
T gndplane  56.7470016479 -25.0 -20.0  69.3460006714 -25.0 -20.0  56.7470016479 -25.0 -10.0
T gndplane  121.5 47.4500007629 -20.0  112.26776123 42.9026145935 -20.0  111.55014801 52.6663284302 -20.0
T gndplane  89.1234970093 90.0 -20.0  98.9390029907 90.0 -20.0  93.9247131348 79.6339492798 -20.0
T gndplane  121.5 37.5600013733 -10.0  121.5 27.5550003052 -10.0  121.5 37.4449996948 -20.0
T gndplane  -25.0 6.28000020981 -20.0  -25.0 17.6650009155 -20.0  -15.7355690002 11.7774906158 -20.0
T gndplane  27.4003181458 64.6823043823 -20.0  30.8384284973 44.506187439 -20.0  15.3582220078 52.4962539673 -20.0
T gndplane  121.5 67.3450012207 -20.0  121.5 57.3400001526 -20.0  112.762123108 64.219909668 -20.0
T gndplane  56.7470016479 90.0 -10.0  69.3460006714 90.0 -10.0  69.3460006714 90.0 -20.0
T gndplane  15.3582220078 52.4962539673 -20.0  -0.595455110073 48.2595367432 -20.0  4.41925859451 65.6561737061 -20.0
T gndplane  -25.0 79.7649993896 -10.0  -25.0 90.0 -10.0  -25.0 90.0 -20.0
T gndplane  98.9390029907 -25.0 -20.0  89.1234970093 -25.0 -20.0  93.3083648682 -15.1399612427 -20.0
T gndplane  30.8384284973 44.506187439 -20.0  48.3726654053 48.7914962769 -20.0  47.059627533 31.8733177185 -20.0
T gndplane  69.3460006714 -25.0 -10.0  56.7470016479 -25.0 -10.0  69.3460006714 -25.0 -20.0
T gndplane  -25.0 27.5550003052 -10.0  -25.0 37.5600013733 -10.0  -25.0 37.4449996948 -20.0
T gndplane  63.0881576538 18.2255477905 -20.0  44.6588439941 15.1038789749 -20.0  47.059627533 31.8733177185 -20.0
T gndplane  -25.0 67.3450012207 -20.0  -25.0 79.7649993896 -20.0  -15.3290290833 72.1756134033 -20.0
T gndplane  55.7037811279 64.9845046997 -20.0  66.1640014648 42.0525588989 -20.0  48.3726654053 48.7914962769 -20.0
T gndplane  46.9314994812 90.0 -10.0  56.7470016479 90.0 -10.0  56.7470016479 90.0 -20.0
T gndplane  29.6704463959 9.53398323059 -20.0  25.6375961304 25.5133018494 -20.0  44.6588439941 15.1038789749 -20.0
T gndplane  63.0881576538 18.2255477905 -20.0  52.7657928467 -2.08949017525 -20.0  44.6588439941 15.1038789749 -20.0
T gndplane  73.811340332 -15.1095199585 -20.0  67.0073394775 -0.435043156147 -20.0  83.0820007324 1.33149445057 -20.0
T gndplane  121.5 27.5550003052 -20.0  110.645927429 21.9524936676 -20.0  110.216011047 33.204246521 -20.0
T gndplane  29.6704463959 9.53398323059 -20.0  13.8961019516 8.14533901215 -20.0  25.6375961304 25.5133018494 -20.0
T gndplane  25.8769836426 -3.70207881927 -20.0  13.8961019516 8.14533901215 -20.0  29.6704463959 9.53398323059 -20.0
T gndplane  5.6185002327 -25.0 -20.0  -0.050302837044 -16.4418964386 -20.0  11.1690225601 -16.692276001 -20.0
T gndplane  73.811340332 -15.1095199585 -20.0  61.991859436 -14.6615247726 -20.0  67.0073394775 -0.435043156147 -20.0
T gndplane  27.4003181458 64.6823043823 -20.0  40.1059608459 63.8676109314 -20.0  30.8384284973 44.506187439 -20.0
T gndplane  -25.0 57.4550018311 -10.0  -25.0 67.3450012207 -10.0  -25.0 67.3450012207 -20.0
T gndplane  -5.22249984741 90.0 -20.0  -15.0380001068 90.0 -20.0  -15.0380001068 90.0 -10.0
T gndplane  27.1539993286 90.0 -20.0  36.9695014954 90.0 -20.0  32.5996932983 78.15209198 -20.0
T gndplane  101.644943237 71.3715667725 -20.0  98.9071502686 58.7926445007 -20.0  88.4453353882 65.9632110596 -20.0
T gndplane  98.9071502686 58.7926445007 -20.0  89.4747314453 44.5583877563 -20.0  88.4453353882 65.9632110596 -20.0
T gndplane  13.8961019516 8.14533901215 -20.0  2.58118009567 20.8990402222 -20.0  25.6375961304 25.5133018494 -20.0
T gndplane  27.1539993286 -25.0 -20.0  21.7970848083 -16.4579963684 -20.0  32.075958252 -15.3865299225 -20.0
T gndplane  121.5 90.0 -20.0  121.5 79.7649993896 -10.0  121.5 79.7649993896 -20.0
T gndplane  32.5996932983 78.15209198 -20.0  40.1059608459 63.8676109314 -20.0  27.4003181458 64.6823043823 -20.0
T gndplane  79.3079986572 -25.0 -20.0  69.3460006714 -25.0 -20.0  73.811340332 -15.1095199585 -20.0
T gndplane  27.1539993286 90.0 -10.0  36.9695014954 90.0 -10.0  27.1539993286 90.0 -20.0
T gndplane  89.1234970093 -25.0 -20.0  84.1950378418 -16.8086719513 -20.0  93.3083648682 -15.1399612427 -20.0
T gndplane  69.3460006714 90.0 -20.0  56.7470016479 90.0 -20.0  56.7470016479 90.0 -10.0
T gndplane  2.58118009567 20.8990402222 -20.0  10.9164495468 36.1092262268 -20.0  25.6375961304 25.5133018494 -20.0
T gndplane  -0.050302837044 -16.4418964386 -20.0  -6.77601194382 -6.86150407791 -20.0  4.84793186188 -5.36853790283 -20.0
T gndplane  121.5 6.28000020981 -20.0  121.5 -5.10500001907 -20.0  111.467071533 0.343161463737 -20.0
T gndplane  42.5525436401 -14.8570785522 -20.0  32.075958252 -15.3865299225 -20.0  38.2560005188 -2.28185606003 -20.0
T gndplane  89.4747314453 44.5583877563 -20.0  95.2857666016 28.0711174011 -20.0  79.337348938 24.690782547 -20.0
T gndplane  -25.0 79.7649993896 -20.0  -12.4398336411 81.8458786011 -20.0  -15.3290290833 72.1756134033 -20.0
T gndplane  66.1640014648 42.0525588989 -20.0  79.337348938 24.690782547 -20.0  63.0881576538 18.2255477905 -20.0
T gndplane  11.1690225601 -16.692276001 -20.0  -0.050302837044 -16.4418964386 -20.0  4.84793186188 -5.36853790283 -20.0
T gndplane  32.075958252 -15.3865299225 -20.0  21.7970848083 -16.4579963684 -20.0  25.8769836426 -3.70207881927 -20.0
T gndplane  121.5 47.4500007629 -10.0  121.5 37.5600013733 -10.0  121.5 47.4500007629 -20.0
T gndplane  5.6185002327 -25.0 -10.0  -5.22249984741 -25.0 -10.0  5.6185002327 -25.0 -20.0
T gndplane  108.901000977 -25.0 -20.0  121.5 -25.0 -20.0  121.5 -25.0 -10.0
T gndplane  95.2857666016 28.0711174011 -20.0  95.9091339111 11.9285993576 -20.0  79.337348938 24.690782547 -20.0
T gndplane  36.9695014954 -25.0 -20.0  32.075958252 -15.3865299225 -20.0  42.5525436401 -14.8570785522 -20.0
T gndplane  4.84793186188 -5.36853790283 -20.0  -2.53650665283 5.33141803741 -20.0  13.8961019516 8.14533901215 -20.0
T gndplane  -9.07215023041 -17.4808177948 -20.0  -17.2217178345 -11.302652359 -20.0  -6.77601194382 -6.86150407791 -20.0
T gndplane  -16.3777236938 -0.531370103359 -20.0  -2.53650665283 5.33141803741 -20.0  -6.77601194382 -6.86150407791 -20.0
T gndplane  121.5 37.4449996948 -20.0  110.216011047 33.204246521 -20.0  112.26776123 42.9026145935 -20.0
T gndplane  -17.8769607544 62.8914680481 -20.0  -15.3290290833 72.1756134033 -20.0  -7.74376726151 63.8543510437 -20.0
T gndplane  4.41925859451 65.6561737061 -20.0  15.9103918076 68.9035415649 -20.0  15.3582220078 52.4962539673 -20.0
T gndplane  21.9493846893 79.3077926636 -20.0  27.1539993286 90.0 -20.0  32.5996932983 78.15209198 -20.0
T gndplane  -25.0 -5.10500001907 -20.0  -25.0 6.28000020981 -20.0  -16.3777236938 -0.531370103359 -20.0
T gndplane  -12.4398336411 81.8458786011 -20.0  -2.28894352913 77.5371017456 -20.0  -15.3290290833 72.1756134033 -20.0
T gndplane  121.5 79.7649993896 -20.0  121.5 67.3450012207 -20.0  112.77684021 75.8645172119 -20.0
T gndplane  -15.7355690002 11.7774906158 -20.0  -16.3320217133 22.5836048126 -20.0  2.58118009567 20.8990402222 -20.0
T gndplane  -25.0 90.0 -10.0  -15.0380001068 90.0 -10.0  -15.0380001068 90.0 -20.0
T gndplane  -17.2217178345 -11.302652359 -20.0  -16.3777236938 -0.531370103359 -20.0  -6.77601194382 -6.86150407791 -20.0
T gndplane  -15.0380001068 -25.0 -20.0  -5.22249984741 -25.0 -20.0  -15.0380001068 -25.0 -10.0
T gndplane  40.1059608459 63.8676109314 -20.0  48.3726654053 48.7914962769 -20.0  30.8384284973 44.506187439 -20.0
T gndplane  46.9314994812 -25.0 -20.0  56.7470016479 -25.0 -20.0  46.9314994812 -25.0 -10.0
T gndplane  73.4561767578 62.0484886169 -20.0  89.4747314453 44.5583877563 -20.0  66.1640014648 42.0525588989 -20.0
T gndplane  36.9695014954 90.0 -20.0  27.1539993286 90.0 -20.0  36.9695014954 90.0 -10.0
T gndplane  21.9493846893 79.3077926636 -20.0  32.5996932983 78.15209198 -20.0  27.4003181458 64.6823043823 -20.0
T gndplane  108.901000977 -25.0 -20.0  121.5 -25.0 -10.0  108.901000977 -25.0 -10.0
T gndplane  79.3079986572 -25.0 -20.0  73.811340332 -15.1095199585 -20.0  84.1950378418 -16.8086719513 -20.0
T gndplane  67.0073394775 -0.435043156147 -20.0  52.7657928467 -2.08949017525 -20.0  63.0881576538 18.2255477905 -20.0
T gndplane  93.9247131348 79.6339492798 -20.0  103.693450928 81.6645965576 -20.0  101.644943237 71.3715667725 -20.0
T gndplane  101.644943237 71.3715667725 -20.0  112.762123108 64.219909668 -20.0  98.9071502686 58.7926445007 -20.0
T gndplane  121.5 37.4449996948 -20.0  121.5 47.4500007629 -20.0  121.5 37.5600013733 -10.0
T gndplane  -5.22249984741 90.0 -20.0  5.6185002327 90.0 -20.0  -2.28894352913 77.5371017456 -20.0
T gndplane  112.762123108 64.219909668 -20.0  111.55014801 52.6663284302 -20.0  98.9071502686 58.7926445007 -20.0
T gndplane  121.5 6.28000020981 -10.0  121.5 6.28000020981 -20.0  121.5 17.6650009155 -10.0
T gndplane  93.9247131348 79.6339492798 -20.0  101.644943237 71.3715667725 -20.0  88.4453353882 65.9632110596 -20.0
T gndplane  17.3384990692 -25.0 -10.0  5.6185002327 -25.0 -10.0  17.3384990692 -25.0 -20.0
T gndplane  103.693450928 81.6645965576 -20.0  112.77684021 75.8645172119 -20.0  101.644943237 71.3715667725 -20.0
T gndplane  17.3384990692 90.0 -10.0  27.1539993286 90.0 -10.0  17.3384990692 90.0 -20.0
T gndplane  103.156677246 -16.9256572723 -20.0  93.3083648682 -15.1399612427 -20.0  99.2225112915 -4.71170473099 -20.0
T gndplane  52.9270324707 80.1758575439 -20.0  56.7470016479 90.0 -20.0  63.0030326843 77.6067352295 -20.0
T gndplane  10.9164495468 36.1092262268 -20.0  -0.595455110073 48.2595367432 -20.0  15.3582220078 52.4962539673 -20.0
T gndplane  10.9164495468 36.1092262268 -20.0  15.3582220078 52.4962539673 -20.0  30.8384284973 44.506187439 -20.0
T gndplane  121.5 79.7649993896 -10.0  121.5 67.3450012207 -10.0  121.5 79.7649993896 -20.0
T gndplane  -5.22249984741 -25.0 -10.0  -15.0380001068 -25.0 -10.0  -5.22249984741 -25.0 -20.0
T gndplane  38.2560005188 -2.28185606003 -20.0  29.6704463959 9.53398323059 -20.0  44.6588439941 15.1038789749 -20.0
T gndplane  89.1234970093 90.0 -20.0  79.3079986572 90.0 -20.0  79.3079986572 90.0 -10.0
T gndplane  40.1059608459 63.8676109314 -20.0  55.7037811279 64.9845046997 -20.0  48.3726654053 48.7914962769 -20.0
T gndplane  -16.1225757599 53.8013687134 -20.0  -25.0 57.3400001526 -20.0  -17.8769607544 62.8914680481 -20.0
T gndplane  121.5 47.4500007629 -20.0  121.5 37.4449996948 -20.0  112.26776123 42.9026145935 -20.0
T gndplane  110.216011047 33.204246521 -20.0  95.2857666016 28.0711174011 -20.0  89.4747314453 44.5583877563 -20.0
T gndplane  89.4747314453 44.5583877563 -20.0  73.4561767578 62.0484886169 -20.0  88.4453353882 65.9632110596 -20.0
T gndplane  73.7578811646 80.5066757202 -20.0  83.9418563843 78.3842163086 -20.0  73.4561767578 62.0484886169 -20.0
T gndplane  121.5 -5.10500001907 -20.0  121.5 -14.9949998856 -20.0  111.946273804 -11.1913785934 -20.0
T gndplane  46.9314994812 90.0 -10.0  46.9314994812 90.0 -20.0  36.9695014954 90.0 -10.0
T gndplane  121.5 57.4550018311 -10.0  121.5 47.4500007629 -10.0  121.5 57.3400001526 -20.0
T gndplane  -15.7355690002 11.7774906158 -20.0  -25.0 17.6650009155 -20.0  -16.3320217133 22.5836048126 -20.0
T gndplane  121.5 6.28000020981 -20.0  111.467071533 0.343161463737 -20.0  113.104927063 11.4140930176 -20.0
T gndplane  61.991859436 -14.6615247726 -20.0  52.7657928467 -2.08949017525 -20.0  67.0073394775 -0.435043156147 -20.0
T gndplane  110.645927429 21.9524936676 -20.0  95.9091339111 11.9285993576 -20.0  95.2857666016 28.0711174011 -20.0
T gndplane  25.6375961304 25.5133018494 -20.0  10.9164495468 36.1092262268 -20.0  30.8384284973 44.506187439 -20.0
T gndplane  52.9270324707 80.1758575439 -20.0  63.0030326843 77.6067352295 -20.0  55.7037811279 64.9845046997 -20.0
T gndplane  63.0030326843 77.6067352295 -20.0  73.4561767578 62.0484886169 -20.0  55.7037811279 64.9845046997 -20.0
T gndplane  -25.0 47.4500007629 -20.0  -25.0 57.3400001526 -20.0  -16.1225757599 53.8013687134 -20.0
T gndplane  48.3726654053 48.7914962769 -20.0  66.1640014648 42.0525588989 -20.0  47.059627533 31.8733177185 -20.0
T gndplane  -25.0 17.6650009155 -20.0  -25.0 17.6650009155 -10.0  -25.0 27.5550003052 -20.0
T gndplane  66.1640014648 42.0525588989 -20.0  63.0881576538 18.2255477905 -20.0  47.059627533 31.8733177185 -20.0
T gndplane  83.0820007324 1.33149445057 -20.0  67.0073394775 -0.435043156147 -20.0  63.0881576538 18.2255477905 -20.0
T gndplane  -5.22249984741 90.0 -20.0  -2.28894352913 77.5371017456 -20.0  -12.4398336411 81.8458786011 -20.0
T gndplane  121.5 17.6650009155 -20.0  113.104927063 11.4140930176 -20.0  110.645927429 21.9524936676 -20.0
T gndplane  -16.3320217133 22.5836048126 -20.0  -25.0 27.5550003052 -20.0  -10.794839859 33.1141586304 -20.0
T gndplane  42.5525436401 -14.8570785522 -20.0  38.2560005188 -2.28185606003 -20.0  52.7657928467 -2.08949017525 -20.0
T gndplane  121.5 57.3400001526 -20.0  121.5 67.3450012207 -20.0  121.5 57.4550018311 -10.0
T gndplane  32.5996932983 78.15209198 -20.0  43.3424224854 77.7939071655 -20.0  40.1059608459 63.8676109314 -20.0
T gndplane  25.8769836426 -3.70207881927 -20.0  15.3861036301 -6.05427122116 -20.0  13.8961019516 8.14533901215 -20.0
T gndplane  -2.28894352913 77.5371017456 -20.0  5.6185002327 90.0 -20.0  10.2425422668 79.3504714966 -20.0
T gndplane  121.5 -25.0 -10.0  121.5 -25.0 -20.0  121.5 -14.9949998856 -20.0
T gndplane  -16.8779640198 42.9727287292 -20.0  -25.0 47.4500007629 -20.0  -16.1225757599 53.8013687134 -20.0
T gndplane  -25.0 47.4500007629 -20.0  -25.0 37.4449996948 -20.0  -25.0 37.5600013733 -10.0
T gndplane  -15.0380001068 90.0 -20.0  -25.0 90.0 -20.0  -25.0 90.0 -10.0
T gndplane  17.3384990692 -25.0 -20.0  27.1539993286 -25.0 -20.0  17.3384990692 -25.0 -10.0
T gndplane  32.075958252 -15.3865299225 -20.0  25.8769836426 -3.70207881927 -20.0  38.2560005188 -2.28185606003 -20.0
T gndplane  111.467071533 0.343161463737 -20.0  99.2225112915 -4.71170473099 -20.0  95.9091339111 11.9285993576 -20.0
T gndplane  79.337348938 24.690782547 -20.0  66.1640014648 42.0525588989 -20.0  89.4747314453 44.5583877563 -20.0
T gndplane  -7.74376726151 63.8543510437 -20.0  4.41925859451 65.6561737061 -20.0  -0.595455110073 48.2595367432 -20.0
T gndplane  69.3460006714 -25.0 -20.0  61.991859436 -14.6615247726 -20.0  73.811340332 -15.1095199585 -20.0
T gndplane  -25.0 67.3450012207 -20.0  -25.0 67.3450012207 -10.0  -25.0 79.7649993896 -20.0
T gndplane  69.3460006714 -25.0 -20.0  56.7470016479 -25.0 -20.0  61.991859436 -14.6615247726 -20.0
T gndplane  15.3861036301 -6.05427122116 -20.0  11.1690225601 -16.692276001 -20.0  4.84793186188 -5.36853790283 -20.0
T gndplane  -25.0 -5.10500001907 -20.0  -16.3777236938 -0.531370103359 -20.0  -17.2217178345 -11.302652359 -20.0
T gndplane  111.946273804 -11.1913785934 -20.0  103.156677246 -16.9256572723 -20.0  99.2225112915 -4.71170473099 -20.0
T gndplane  121.5 90.0 -10.0  121.5 79.7649993896 -10.0  121.5 90.0 -20.0
T gndplane  27.1539993286 -25.0 -20.0  36.9695014954 -25.0 -20.0  27.1539993286 -25.0 -10.0
T gndplane  -10.794839859 33.1141586304 -20.0  -0.595455110073 48.2595367432 -20.0  10.9164495468 36.1092262268 -20.0
T gndplane  43.3424224854 77.7939071655 -20.0  46.9314994812 90.0 -20.0  52.9270324707 80.1758575439 -20.0
T gndplane  -9.07215023041 -17.4808177948 -20.0  -6.77601194382 -6.86150407791 -20.0  -0.050302837044 -16.4418964386 -20.0
T gndplane  79.3079986572 90.0 -20.0  89.1234970093 90.0 -20.0  83.9418563843 78.3842163086 -20.0
T gndplane  69.3460006714 -25.0 -20.0  79.3079986572 -25.0 -20.0  69.3460006714 -25.0 -10.0
T gndplane  111.467071533 0.343161463737 -20.0  111.946273804 -11.1913785934 -20.0  99.2225112915 -4.71170473099 -20.0
T gndplane  15.9103918076 68.9035415649 -20.0  27.4003181458 64.6823043823 -20.0  15.3582220078 52.4962539673 -20.0
T gndplane  10.9164495468 36.1092262268 -20.0  2.58118009567 20.8990402222 -20.0  -10.794839859 33.1141586304 -20.0
T gndplane  15.3861036301 -6.05427122116 -20.0  4.84793186188 -5.36853790283 -20.0  13.8961019516 8.14533901215 -20.0
T gndplane  89.1234970093 -25.0 -10.0  79.3079986572 -25.0 -10.0  89.1234970093 -25.0 -20.0
T gndplane  63.0030326843 77.6067352295 -20.0  73.7578811646 80.5066757202 -20.0  73.4561767578 62.0484886169 -20.0
T gndplane  108.901000977 90.0 -20.0  98.9390029907 90.0 -20.0  98.9390029907 90.0 -10.0
T gndplane  5.6185002327 90.0 -10.0  17.3384990692 90.0 -10.0  17.3384990692 90.0 -20.0
T gndplane  -16.3320217133 22.5836048126 -20.0  -10.794839859 33.1141586304 -20.0  2.58118009567 20.8990402222 -20.0
T gndplane  121.5 -5.10500001907 -20.0  111.946273804 -11.1913785934 -20.0  111.467071533 0.343161463737 -20.0
T gndplane  121.5 -14.9949998856 -20.0  108.901000977 -25.0 -20.0  111.946273804 -11.1913785934 -20.0
T gndplane  -2.53650665283 5.33141803741 -20.0  2.58118009567 20.8990402222 -20.0  13.8961019516 8.14533901215 -20.0
T gndplane  5.6185002327 90.0 -20.0  17.3384990692 90.0 -20.0  10.2425422668 79.3504714966 -20.0
T gndplane  36.9695014954 90.0 -20.0  46.9314994812 90.0 -20.0  43.3424224854 77.7939071655 -20.0
T gndplane  -9.07215023041 -17.4808177948 -20.0  -15.0380001068 -25.0 -20.0  -17.2217178345 -11.302652359 -20.0
T gndplane  121.5 -14.9949998856 -10.0  121.5 -25.0 -10.0  121.5 -14.9949998856 -20.0
T gndplane  27.1539993286 90.0 -20.0  17.3384990692 90.0 -20.0  27.1539993286 90.0 -10.0
T gndplane  112.77684021 75.8645172119 -20.0  112.762123108 64.219909668 -20.0  101.644943237 71.3715667725 -20.0
T gndplane  99.2225112915 -4.71170473099 -20.0  83.0820007324 1.33149445057 -20.0  95.9091339111 11.9285993576 -20.0
T gndplane  -15.0380001068 -25.0 -10.0  -25.0 -25.0 -10.0  -15.0380001068 -25.0 -20.0
T gndplane  93.9247131348 79.6339492798 -20.0  98.9390029907 90.0 -20.0  103.693450928 81.6645965576 -20.0
T gndplane  -25.0 57.3400001526 -20.0  -25.0 67.3450012207 -20.0  -17.8769607544 62.8914680481 -20.0
T gndplane  15.9103918076 68.9035415649 -20.0  21.9493846893 79.3077926636 -20.0  27.4003181458 64.6823043823 -20.0
T gndplane  27.1539993286 -25.0 -20.0  17.3384990692 -25.0 -20.0  21.7970848083 -16.4579963684 -20.0
T gndplane  17.3384990692 90.0 -20.0  27.1539993286 90.0 -20.0  21.9493846893 79.3077926636 -20.0
T gndplane  111.55014801 52.6663284302 -20.0  89.4747314453 44.5583877563 -20.0  98.9071502686 58.7926445007 -20.0
T gndplane  25.6375961304 25.5133018494 -20.0  30.8384284973 44.506187439 -20.0  47.059627533 31.8733177185 -20.0
T gndplane  -2.28894352913 77.5371017456 -20.0  10.2425422668 79.3504714966 -20.0  4.41925859451 65.6561737061 -20.0
T gndplane  95.9091339111 11.9285993576 -20.0  83.0820007324 1.33149445057 -20.0  79.337348938 24.690782547 -20.0
T gndplane  121.5 90.0 -10.0  108.901000977 90.0 -20.0  108.901000977 90.0 -10.0
T gndplane  -6.77601194382 -6.86150407791 -20.0  -2.53650665283 5.33141803741 -20.0  4.84793186188 -5.36853790283 -20.0
T gndplane  -2.28894352913 77.5371017456 -20.0  4.41925859451 65.6561737061 -20.0  -7.74376726151 63.8543510437 -20.0
T gndplane  44.6588439941 15.1038789749 -20.0  25.6375961304 25.5133018494 -20.0  47.059627533 31.8733177185 -20.0
T gndplane  -25.0 -25.0 -20.0  -25.0 -14.9949998856 -20.0  -15.0380001068 -25.0 -20.0
T gndplane  73.4561767578 62.0484886169 -20.0  83.9418563843 78.3842163086 -20.0  88.4453353882 65.9632110596 -20.0
T gndplane  121.5 67.3450012207 -10.0  121.5 57.4550018311 -10.0  121.5 67.3450012207 -20.0
T gndplane  56.7470016479 -25.0 -20.0  52.2427330017 -16.7487373352 -20.0  61.991859436 -14.6615247726 -20.0
T gndplane  -10.794839859 33.1141586304 -20.0  -16.8779640198 42.9727287292 -20.0  -0.595455110073 48.2595367432 -20.0
T gndplane  10.2425422668 79.3504714966 -20.0  17.3384990692 90.0 -20.0  21.9493846893 79.3077926636 -20.0
T gndplane  93.3083648682 -15.1399612427 -20.0  84.1950378418 -16.8086719513 -20.0  83.0820007324 1.33149445057 -20.0
T gndplane  -25.0 57.3400001526 -20.0  -25.0 47.4500007629 -20.0  -25.0 47.4500007629 -10.0
T gndplane  111.55014801 52.6663284302 -20.0  112.26776123 42.9026145935 -20.0  89.4747314453 44.5583877563 -20.0
T gndplane  -25.0 6.28000020981 -20.0  -25.0 -5.10500001907 -20.0  -25.0 -4.98999977112 -10.0
T gndplane  83.9418563843 78.3842163086 -20.0  93.9247131348 79.6339492798 -20.0  88.4453353882 65.9632110596 -20.0
T gndplane  52.7657928467 -2.08949017525 -20.0  38.2560005188 -2.28185606003 -20.0  44.6588439941 15.1038789749 -20.0
T gndplane  -16.8779640198 42.9727287292 -20.0  -16.1225757599 53.8013687134 -20.0  -0.595455110073 48.2595367432 -20.0
T gndplane  -2.53650665283 5.33141803741 -20.0  -15.7355690002 11.7774906158 -20.0  2.58118009567 20.8990402222 -20.0
T gndplane  -15.0380001068 90.0 -10.0  -5.22249984741 90.0 -10.0  -5.22249984741 90.0 -20.0
T gndplane  46.9314994812 -25.0 -10.0  36.9695014954 -25.0 -10.0  46.9314994812 -25.0 -20.0
T gndplane  -10.794839859 33.1141586304 -20.0  -25.0 37.4449996948 -20.0  -16.8779640198 42.9727287292 -20.0
T gndplane  84.1950378418 -16.8086719513 -20.0  73.811340332 -15.1095199585 -20.0  83.0820007324 1.33149445057 -20.0
T gndplane  121.5 57.3400001526 -20.0  121.5 47.4500007629 -20.0  111.55014801 52.6663284302 -20.0
T gndplane  112.26776123 42.9026145935 -20.0  110.216011047 33.204246521 -20.0  89.4747314453 44.5583877563 -20.0
T gndplane  -25.0 37.5600013733 -10.0  -25.0 47.4500007629 -10.0  -25.0 47.4500007629 -20.0
T gndplane  89.1234970093 -25.0 -20.0  79.3079986572 -25.0 -20.0  84.1950378418 -16.8086719513 -20.0
T gndplane  38.2560005188 -2.28185606003 -20.0  25.8769836426 -3.70207881927 -20.0  29.6704463959 9.53398323059 -20.0
T gndplane  -25.0 27.5550003052 -20.0  -25.0 37.4449996948 -20.0  -10.794839859 33.1141586304 -20.0
T gndplane  66.1640014648 42.0525588989 -20.0  55.7037811279 64.9845046997 -20.0  73.4561767578 62.0484886169 -20.0
T gndplane  108.901000977 -25.0 -20.0  98.9390029907 -25.0 -20.0  103.156677246 -16.9256572723 -20.0

